7.562745 43.793181
7.558533 43.810473
7.560515 43.795005
7.560444 43.796713
7.556314 43.806845
7.554647 43.808621
7.560187 43.788278
7.563210 43.806647
7.564672 43.807034
7.554861 43.801072
7.558327 43.794067
7.560378 43.792840
7.556509 43.795561
7.556942 43.795667
7.552449 43.803264
7.563986 43.793642
7.562989 43.785241
7.555316 43.810557
7.557085 43.811051
7.562811 43.812681
7.562774 43.812795
7.566547 43.802558
7.568950 43.803070
7.559149 43.809738
7.565208 43.812055
7.562881 43.811970
7.555499 43.784530
7.560813 43.785980
7.593140 43.773653
7.589251 43.772996
7.561459 43.812700
7.548558 43.799920
7.556807 43.797244
7.554512 43.783903
7.555815 43.785426
7.563417 43.790647
7.556491 43.805846
7.559887 43.793298
7.559870 43.793982
7.558917 43.792552
7.555608 43.812985
7.574565 43.790927
7.576718 43.790077
7.565215 43.799735
7.565969 43.799615
7.554668 43.806763
7.556383 43.789628
7.565856 43.798737
7.565821 43.797887
7.560063 43.815363
7.560244 43.816216
7.569280 43.793776
7.567810 43.794115
7.566802 43.793978
7.569762 43.792843
7.565543 43.810219
7.558089 43.804786
7.557066 43.805526
7.561646 43.792487
7.559584 43.794387
7.556825 43.794726
7.558558 43.789990
7.551545 43.804985
7.551019 43.805608
7.560802 43.815673
7.560427 43.798031
7.558596 43.800379
7.583378 43.780715
7.592804 43.774380
7.561527 43.784675
7.558895 43.798233
7.558352 43.796948
7.565347 43.796874
7.564459 43.795386
7.572768 43.807440
7.571244 43.809063
7.552474 43.806537
7.558719 43.798837
7.550958 43.800799
7.554016 43.802304
7.552695 43.806194
7.551888 43.804127
7.565876 43.812301
7.562167 43.812260
7.560308 43.821785
7.562042 43.803633
7.564702 43.809923
7.562498 43.811447
7.554426 43.824736
7.567711 43.796318
7.564810 43.793939
7.562346 43.792563
7.556491 43.797181
7.556109 43.797239
7.552129 43.802297
7.550495 43.802995
7.559839 43.786332
7.556341 43.787994
7.566161 43.807419
7.557704 43.798450
7.557491 43.799889
7.569660 43.793593
7.563048 43.812195
7.559332 43.814897
7.559086 43.817380
7.567067 43.794177
7.558578 43.803929
7.559610 43.803465
7.559497 43.801785
7.559291 43.802598
7.567245 43.827828
7.572413 43.828453
7.569592 43.799773
7.566490 43.799597
7.550895 43.810605
7.553179 43.810230
7.565440 43.802251
7.547072 43.813537
7.548281 43.815724
7.573330 43.787296
7.568422 43.803837
7.566226 43.805626
7.552441 43.808844
7.554094 43.808883
7.557615 43.796284
7.549184 43.800144
7.552492 43.800512
7.557452 43.822780
7.560942 43.822651
7.560634 43.814978
7.555255 43.813155
7.556358 43.812693
7.570208 43.802920
7.555304 43.803906
7.569272 43.807286
7.567195 43.808190
7.569462 43.804082
7.569571 43.805861
7.559241 43.793673
7.556342 43.800829
7.558198 43.801849
7.557223 43.799319
7.555246 43.800460
7.563384 43.811547
7.556474 43.811967
7.561118 43.813005
7.561030 43.796216
7.566618 43.807845
7.555786 43.817037
7.554474 43.815620
7.565872 43.787513
7.555314 43.815680
7.556508 43.817257
7.554463 43.816813
7.567134 43.799859
7.556820 43.811191
7.552911 43.807685
7.570445 43.789605
7.570903 43.791015
7.558715 43.792962
7.558053 43.813363
7.561347 43.800761
7.559720 43.807822
7.561462 43.808271
7.565868 43.808737
7.552577 43.801942
7.550694 43.804468
7.551187 43.805358
7.566039 43.791097
7.569648 43.788959
7.558150 43.811644
7.569183 43.801793
7.568967 43.801003
7.557131 43.805276
7.562766 43.792639
7.562662 43.793830
7.554119 43.810418
7.555735 43.816136
7.555335 43.806503
7.558143 43.814798
7.566581 43.792609
7.567096 43.793870
7.558976 43.808721
7.561214 43.808401
7.558829 43.812490
7.560926 43.814140
7.569236 43.795833
7.553704 43.813002
7.553004 43.814283
7.555932 43.811881
7.558880 43.814091
7.553839 43.799523
7.567640 43.794830
7.569317 43.796667
7.567684 43.794996
7.550765 43.813766
7.554888 43.801524
7.562153 43.796494
7.562499 43.798209
7.550824 43.804634
7.552674 43.804172
7.554763 43.797547
7.562627 43.804641
7.558098 43.804029
7.556138 43.804968
7.563367 43.791912
7.554188 43.813372
7.551999 43.813081
7.559067 43.814797
7.566973 43.790556
7.573226 43.789993
7.565645 43.793737
7.564228 43.792780
7.553743 43.803058
7.553744 43.801293
7.554541 43.789022
7.563567 43.791683
7.564510 43.812155
7.561408 43.793589
7.560862 43.814766
7.559171 43.816883
7.548576 43.798599
7.552956 43.803555
7.566580 43.808160
7.557011 43.795769
7.555726 43.784807
7.559932 43.811758
7.562011 43.797874
7.561395 43.798780
7.550675 43.811761
7.553663 43.814681
7.556335 43.806334
7.557908 43.807592
7.553692 43.808535
7.552003 43.806420
7.557447 43.814706
7.563998 43.808263
7.555546 43.805400
7.560718 43.795457
7.554424 43.798656
7.568681 43.806973
7.569533 43.808013
7.567491 43.775681
7.569796 43.801934
7.574872 43.808146
7.551728 43.813084
7.551241 43.814167
7.554609 43.802242
7.566629 43.799857
7.566988 43.799731
7.555491 43.816151
7.556877 43.816090
7.556555 43.800765
7.563160 43.812069
7.563096 43.798163
7.563488 43.799012
7.583116 43.794004
7.578604 43.792339
7.551307 43.801349
7.560212 43.794192
7.564235 43.802893
7.560494 43.815439
7.558614 43.816870
7.553850 43.805792
7.553774 43.799651
7.551637 43.798310
7.566081 43.796221
7.564070 43.795454
7.562557 43.795188
7.556761 43.804744
7.566057 43.793576
7.577368 43.786507
7.582590 43.789831
7.567504 43.803074
7.560354 43.802362
7.560261 43.804067
7.559013 43.794310
7.555374 43.800715
7.554803 43.806524
7.561767 43.796324
7.558745 43.797136
7.564074 43.796402
7.561906 43.818085
7.578294 43.792839
7.557367 43.796236
7.567539 43.797867
7.559611 43.812441
7.573753 43.795856
7.563458 43.824643
7.559957 43.828321
7.557295 43.805661
7.552760 43.807501
7.556712 43.814670
7.561104 43.800457
7.550931 43.814522
7.557454 43.826590
7.564851 43.804829
7.553243 43.804670
7.566997 43.794019
7.565933 43.794992
7.555916 43.809359
7.557011 43.809267
7.552433 43.812152
7.555729 43.817474
7.557172 43.801604
7.573411 43.788258
7.566503 43.805254
7.561822 43.808753
7.566646 43.796713
7.554572 43.808573
7.553573 43.801309
7.551940 43.801244
7.565921 43.802837
7.565767 43.801070
7.578096 43.791826
7.566291 43.792551
7.560151 43.810180
7.565674 43.794071
7.564881 43.813471
7.551025 43.811169
7.563171 43.798274
7.562143 43.794251
7.554246 43.807889
7.556677 43.805145
7.557934 43.791424
7.563006 43.814314
7.554907 43.806874
7.558177 43.807341
7.569109 43.803502
7.566764 43.804884
7.558245 43.786567
7.565932 43.821759
7.567968 43.818228
7.551605 43.802901
7.556130 43.805325
7.556393 43.796636
7.557727 43.803769
7.557176 43.803894
7.555122 43.803100
7.557538 43.798860
7.567435 43.796950
7.551117 43.813610
7.556817 43.807798
7.560316 43.800388
7.554605 43.805871
7.557853 43.804138
7.567540 43.792937
7.569139 43.789572
7.568401 43.798719
7.559653 43.793994
7.558150 43.800191
7.555816 43.806122
7.562073 43.808921
7.561749 43.812376
7.557055 43.805728
7.554422 43.805123
7.557388 43.814998
7.568204 43.807817
7.553056 43.807814
7.552388 43.811230
7.569708 43.807374
7.568685 43.787555
7.562537 43.810738
7.567915 43.797457
7.560380 43.799834
7.553658 43.811561
7.547542 43.821397
7.569539 43.819696
7.568067 43.821688
7.556180 43.801242
7.580869 43.797758
7.585167 43.798530
7.569207 43.794328
7.555259 43.806544
7.559060 43.817422
7.567683 43.802040
7.568588 43.800633
7.564813 43.809415
7.554245 43.806176
7.559480 43.815473
7.551744 43.812159
7.552384 43.818073
7.557908 43.812063
7.557821 43.797124
7.557263 43.798948
7.558858 43.785083
7.563908 43.800781
7.558433 43.810345
7.573132 43.799352
7.563820 43.805680
7.558868 43.805195
7.565582 43.792947
7.555638 43.803271
7.555363 43.804241
7.550800 43.807492
7.580064 43.799672
7.605811 43.791138
7.554694 43.806866
7.569579 43.787265
7.566161 43.803011
7.565816 43.796765
7.559873 43.792607
7.548038 43.833624
7.580233 43.797085
7.564972 43.791344
7.560768 43.802531
7.558742 43.814102
7.566111 43.804901
7.570663 43.795806
7.565426 43.831448
7.555168 43.816120
7.565471 43.796910
7.582344 43.782532
7.572587 43.798936
7.558080 43.810405
7.553680 43.809444
7.573493 43.798424
7.563877 43.791488
7.563149 43.804113
7.550604 43.800672
7.562493 43.814411
7.560851 43.796706
7.570678 43.795129
7.571986 43.795222
7.566826 43.797006
7.562895 43.799173
7.557635 43.807101
7.556537 43.801938
7.561055 43.805225
7.569839 43.794411
7.554580 43.799396
7.563178 43.794857
7.554525 43.812665
7.563999 43.807202
7.560803 43.801477
7.558605 43.795189
7.546704 43.812862
7.558525 43.798155
7.564816 43.803825
7.567071 43.793915
7.563705 43.816876
7.549499 43.821387
7.564969 43.789408
7.565052 43.807101
7.551809 43.804191
7.557230 43.810792
7.552221 43.807244
7.560825 43.794802
7.557985 43.801466
7.568564 43.806639
7.564902 43.815380
7.579113 43.793720
7.564063 43.798288
7.554860 43.803062
7.572404 43.795128
7.569408 43.799889
7.551257 43.802109
7.565032 43.816289
7.557050 43.801335
7.567850 43.798691
7.554019 43.814264
7.571152 43.794585
7.562456 43.791018
7.560080 43.809249
7.558238 43.802672
7.560038 43.822683
7.551583 43.803782
7.557028 43.801903
7.559332 43.808521
7.562222 43.804709
7.555293 43.807277
7.582791 43.797153
7.557669 43.800767
7.560074 43.800582
7.555723 43.810083
7.552955 43.812754
7.565515 43.814520
7.552477 43.804726
7.550975 43.810499
7.559789 43.802683
7.573716 43.799751
7.569202 43.814359
7.551559 43.798765
7.550448 43.779921
7.560424 43.816613
7.563902 43.817146
7.557280 43.806968
7.559880 43.784832
7.571344 43.797684
7.579773 43.798300
7.579265 43.792734
7.564557 43.817089
7.557303 43.808963
7.551106 43.799583
7.555579 43.804512
7.569268 43.810932
7.556665 43.772750
7.573541 43.799395
7.557791 43.807186
7.571576 43.795081
7.556284 43.800500
7.561113 43.792926
7.555795 43.807112
7.551005 43.800289
7.564294 43.793520
7.552351 43.808891
7.567277 43.809592
7.558021 43.801844
7.555068 43.807670
7.559170 43.783527
7.556196 43.796335
7.552708 43.789340
7.556449 43.807816
7.569191 43.801630
7.577535 43.807807
7.571574 43.816341
7.556682 43.832232
7.557883 43.801234
7.557351 43.796492
7.567796 43.794870
7.560604 43.796284
7.551538 43.804249
7.553996 43.800316
7.559677 43.808057
7.554971 43.817055
7.548185 43.775896
7.558398 43.804683
7.569395 43.793821
7.559367 43.804688
7.553928 43.808992
7.558990 43.803445
7.564205 43.792157
7.562527 43.809815
7.559859 43.804520
7.559984 43.803840
7.572967 43.795478
7.570919 43.799217
7.569396 43.804267
7.552321 43.802858
7.555867 43.817996
7.559943 43.803484
7.570051 43.816066
7.568007 43.796031
7.564676 43.817452
7.554282 43.799176
7.559148 43.803949
7.557813 43.809687
7.562961 43.816905
7.559003 43.799841
7.558902 43.803927
7.565681 43.796821
7.562754 43.789935
7.556375 43.812815
7.563377 43.803404
7.553488 43.809812
7.572017 43.803071
7.560093 43.803492
7.567419 43.805519
7.560502 43.814526
7.561939 43.815037
7.560133 43.805274
7.560063 43.804355
7.558950 43.805101
7.559844 43.805163
7.566748 43.795429
7.559457 43.801185
7.559133 43.805688
7.552095 43.808044
7.557784 43.793046
7.558571 43.806213
7.559208 43.803517
7.558807 43.812191
7.556956 43.799486
7.569706 43.811345
7.563766 43.803409
7.559024 43.805140
7.571941 43.789282
7.570031 43.802054
7.555720 43.815744
7.559072 43.804005
7.558727 43.805056
7.580117 43.788175
7.562147 43.814432
7.562656 43.831080
7.568629 43.807800
7.558856 43.806185
7.551760 43.803440
7.561295 43.833218
7.567375 43.791394
7.566155 43.799389
7.558382 43.805843
7.553824 43.803937
7.560821 43.796240
7.559050 43.804406
7.569602 43.791710
7.558787 43.803748
7.566452 43.791804
7.558471 43.805283
7.564955 43.814087
7.558795 43.802043
7.567273 43.811064
7.555418 43.802517
7.558665 43.802173
7.559997 43.803233
7.572060 43.796189
7.559632 43.806170
7.556556 43.799374
7.559442 43.805785
7.563025 43.809842
7.558410 43.804699
7.555410 43.808759
7.557576 43.805509
7.559359 43.802099
7.556658 43.805528
7.560637 43.818092
7.558597 43.803264
7.569215 43.790803
7.559544 43.804763
7.555870 43.806225
7.551295 43.806840
7.561374 43.793622
7.562076 43.818805
7.568781 43.790073
7.570476 43.802538
7.604148 43.790249
7.552578 43.812688
7.556450 43.805422
7.559863 43.805555
7.557523 43.805895
7.572976 43.798282
7.573714 43.791471
7.551120 43.797920
7.551596 43.809187
7.563196 43.790396
7.560197 43.805922
7.559545 43.802627
7.578275 43.786465
7.564280 43.816304
7.559843 43.802621
7.557407 43.805185
7.557449 43.805809
7.561552 43.795446
7.558256 43.810659
7.567475 43.799848
7.558425 43.804185
7.563671 43.792935
7.560146 43.833847
7.556805 43.806128
7.556469 43.805412
7.559524 43.804378
7.556680 43.804102
7.558499 43.802054
7.557562 43.803958
7.581703 43.785469
7.558669 43.806221
7.559313 43.803391
7.558325 43.806209
7.557210 43.804202
7.557103 43.803773
7.563214 43.794391
7.568461 43.789790
7.559767 43.805104
7.564362 43.817017
7.553044 43.804801
7.549195 43.818387
7.566755 43.794490
7.561863 43.800196
7.559033 43.817999
7.552919 43.810083
7.561844 43.801610
7.572018 43.794223
7.557340 43.804806
7.557688 43.804775
7.552041 43.799201
7.571564 43.795314
7.568975 43.791084
7.560003 43.778413
7.570022 43.794790
7.561094 43.817956
7.556519 43.804838
7.558309 43.809437
7.556482 43.805813
7.563818 43.795101
7.559805 43.803308
7.561668 43.815215
7.559570 43.802935
7.564461 43.800279
7.556576 43.804170
7.557726 43.804677
7.551805 43.808549
7.557899 43.800420
7.573324 43.794194
7.559893 43.804346
7.578623 43.793091
7.560090 43.805510
7.581399 43.799708
7.564831 43.808907
7.558773 43.804801
7.559383 43.805181
7.567241 43.810240
7.557369 43.805319
7.558741 43.802806
7.557879 43.804026
7.572418 43.799970
7.556530 43.804648
7.562299 43.804871
7.561699 43.800373
7.556779 43.804976
7.559346 43.802771
7.573391 43.802655
7.551543 43.777580
7.560185 43.802807
7.566739 43.801397
7.570311 43.794606
7.556272 43.785477
7.571259 43.816608
7.564030 43.790396
7.573262 43.793021
7.557021 43.796607
7.556693 43.803549
7.569670 43.810318
7.551103 43.805022
7.578877 43.790571
7.552987 43.801893
7.557833 43.805701
7.559550 43.805846
7.559500 43.809907
7.560162 43.804218
7.551105 43.810895
7.555972 43.815545
7.559489 43.802237
7.548826 43.796122
7.560646 43.820096
7.567155 43.790146
7.573439 43.796589
7.560598 43.803777
7.556367 43.805682
7.565702 43.791805
7.558848 43.805540
7.576572 43.785512
7.560831 43.803909
7.558395 43.802610
7.560377 43.804691
7.558171 43.806067
7.558396 43.803865
7.553652 43.807950
7.557182 43.804611
7.556594 43.807582
7.561441 43.804714
7.556716 43.808402
7.553200 43.813984
7.561141 43.819451
7.560748 43.802547
7.560698 43.803653
7.551632 43.801116
7.567848 43.793827
7.561217 43.803260
7.557242 43.792475
7.557093 43.807048
7.560777 43.802577
7.564342 43.789949
7.557177 43.804393
7.563807 43.805055
7.559882 43.806434
7.557078 43.806351
7.559188 43.807637
7.554201 43.798545
7.557572 43.805583
7.575535 43.804794
7.561209 43.803427
7.570729 43.793054
7.561882 43.804384
7.554805 43.792738
7.547919 43.816911
7.559210 43.806594
7.558085 43.807552
7.559057 43.802269
7.556790 43.807159
7.568228 43.801725
7.553267 43.790201
7.555759 43.809813
7.560629 43.803646
7.559498 43.807164
7.551356 43.799462
7.560369 43.804681
7.558056 43.798432
7.572374 43.794167
7.558925 43.805313
7.551759 43.812235
7.572299 43.799144
7.557549 43.805974
7.560724 43.803150
7.559013 43.802827
7.558771 43.806418
7.559414 43.804265
7.556999 43.804646
7.561666 43.803206
7.560526 43.803593
7.558055 43.806452
7.558117 43.806946
7.572672 43.798369
7.561554 43.802064
7.557385 43.792932
7.558509 43.806368
7.555984 43.793952
7.558784 43.806238
7.567230 43.790798
7.580171 43.788736
7.624854 43.775782
7.561540 43.802716
7.551639 43.806043
7.551246 43.792369
7.561504 43.804044
7.560831 43.804609
7.559286 43.803509
7.568089 43.795994
7.557106 43.805421
7.557430 43.807605
7.561463 43.803362
7.561851 43.796958
7.559996 43.807169
7.559462 43.802057
7.561412 43.799667
7.561523 43.802888
7.570944 43.802674
7.552283 43.807575
7.563427 43.813466
7.561444 43.818637
7.559298 43.806617
7.559243 43.802483
7.557935 43.805881
7.554386 43.803767
7.558903 43.805314
7.564934 43.796916
7.568023 43.791896
7.561746 43.802496
7.555935 43.821826
7.553166 43.802698
7.560950 43.803513
7.557128 43.806688
7.556754 43.806907
7.557071 43.804173
7.563002 43.806733
7.559863 43.806380
7.571023 43.802349
7.566992 43.799671
7.571556 43.812081
7.552596 43.809599
7.569492 43.803579
7.564243 43.794121
7.564956 43.790368
7.566968 43.807258
7.570145 43.792590
7.561265 43.802427
7.565905 43.810587
7.559965 43.806829
7.573469 43.792482
7.569460 43.798531
7.560849 43.804114
7.566936 43.809915
7.564750 43.815255
7.562094 43.802944
7.557555 43.783253
7.558016 43.805410
7.557529 43.798672
7.555051 43.814510
7.558303 43.802782
7.556152 43.795910
7.558129 43.796634
7.560324 43.802463
7.550498 43.804065
7.557890 43.806306
7.550948 43.793658
7.556631 43.803552
7.557608 43.792390
7.557104 43.806789
7.559358 43.804024
7.558744 43.807462
7.553232 43.797907
7.558854 43.802686
7.560505 43.795354
7.561255 43.803431
7.569652 43.793938
7.556485 43.806112
7.550607 43.805442
7.558668 43.806138
7.557714 43.804169
7.566492 43.789689
7.561068 43.803037
7.562060 43.804319
7.556383 43.802683
7.559551 43.801874
7.560451 43.802052
7.556232 43.807898
7.559336 43.800652
7.556217 43.834295
7.556290 43.812807
7.564682 43.782932
7.559517 43.800862
7.561359 43.805576
7.556933 43.802348
7.561011 43.818148
7.559375 43.800686
7.589090 43.775004
7.572489 43.797343
7.560300 43.805448
7.556881 43.803274
7.559981 43.801178
7.559833 43.804699
7.557556 43.806293
7.557781 43.803399
7.564038 43.789609
7.560128 43.801170
7.561684 43.806231
7.561056 43.805797
7.557399 43.805614
7.556978 43.802201
7.556536 43.810273
7.557511 43.806687
7.559949 43.801877
7.560119 43.808929
7.563314 43.794022
7.559793 43.807308
7.555118 43.809306
7.557725 43.804037
7.546940 43.777239
7.559489 43.806704
7.554892 43.816258
7.560097 43.805915
7.561755 43.802731
7.557751 43.803063
7.559162 43.802932
7.560352 43.804356
7.569762 43.829849
7.559803 43.801626
7.561920 43.805085
7.560956 43.804122
7.561739 43.804921
7.559320 43.802922
7.559430 43.801784
7.560350 43.805520
7.561712 43.803290
7.557105 43.804484
7.551305 43.803644
7.555576 43.798169
7.568343 43.789440
7.561037 43.800882
7.561051 43.800655
7.553356 43.802035
7.557995 43.802262
7.560041 43.805033
7.556963 43.806390
7.559289 43.801239
7.571259 43.793411
7.562186 43.789739
7.561063 43.805794
7.557444 43.802082
7.561292 43.800750
7.558682 43.806749
7.561650 43.805681
7.557139 43.806661
7.562217 43.800644
7.551180 43.811856
7.570729 43.801192
7.605976 43.789161
7.551016 43.807516
7.570031 43.797891
7.562099 43.803054
7.568876 43.799032
7.552216 43.799492
7.560918 43.801080
7.558201 43.806233
7.560184 43.804569
7.560841 43.792735
7.561707 43.801423
7.561631 43.803635
7.561346 43.801707
7.557635 43.802872
7.547474 43.792917
7.561764 43.800417
7.559096 43.789775
7.556698 43.802512
7.562909 43.817160
7.561453 43.801161
7.560932 43.803639
7.574662 43.782584
7.559468 43.802367
7.559137 43.802485
7.553825 43.800765
7.567402 43.793111
7.561391 43.802112
7.579352 43.799768
7.560994 43.806156
7.557683 43.792283
7.552617 43.807513
7.556971 43.793495
7.558294 43.790754
7.557853 43.797266
7.561075 43.801370
7.557856 43.806844
7.561351 43.801954
7.557864 43.804398
7.561361 43.805800
7.561310 43.803730
7.560156 43.815742
7.558405 43.805856
7.556552 43.806088
7.561684 43.815352
7.568604 43.805377
7.554113 43.806354
7.559047 43.807157
7.558498 43.801530
7.566497 43.798144
7.557714 43.806427
7.557055 43.811009
7.557520 43.802541
7.560601 43.802980
7.550946 43.807782
7.580103 43.783872
7.552680 43.804425
7.575172 43.807810
7.558178 43.796820
7.560508 43.791862
7.561236 43.803620
7.550710 43.807243
7.562511 43.781351
7.562128 43.801926
7.559851 43.804828
7.558006 43.799269
7.559378 43.801269
7.557375 43.804246
7.558003 43.806062
7.561680 43.805411
7.552004 43.807431
7.559225 43.801842
7.560216 43.801652
7.556956 43.813262
7.561800 43.802973
7.564670 43.781295
7.559456 43.803629
7.556411 43.803293
7.560977 43.804633
7.557379 43.827330
7.553421 43.803683
7.563932 43.792317
7.555959 43.804119
7.557810 43.803415
7.570050 43.782379
7.551168 43.808551
7.556898 43.806369
7.565896 43.832999
7.560544 43.802482
7.552362 43.814201
7.558944 43.806872
7.562630 43.780135
7.553473 43.800779
7.558209 43.804254
7.559836 43.789403
7.551327 43.806116
7.560174 43.802340
7.562476 43.793126
7.560869 43.801402
7.549542 43.790326
7.561780 43.798864
7.570673 43.793797
7.561730 43.802250
7.565092 43.791294
7.564928 43.800341
7.556339 43.794163
7.560273 43.805764
7.560034 43.800698
7.557481 43.807308
7.561168 43.801126
7.556087 43.802109
7.557559 43.806229
7.551655 43.804904
7.578866 43.786290
7.560045 43.800996
7.550495 43.809547
7.561682 43.804543
7.559139 43.806111
7.554617 43.810421
7.559937 43.807347
7.556674 43.802506
7.556882 43.807889
7.559553 43.805526
7.568632 43.792138
7.556872 43.802692
7.556622 43.803333
7.557824 43.804055
7.557083 43.810470
7.559473 43.812485
7.557992 43.805817
7.558104 43.808874
7.567462 43.807078
7.565926 43.815060
7.553460 43.804005
7.564654 43.814035
7.560863 43.801698
7.556852 43.808180
7.559822 43.794432
7.562199 43.806850
7.560643 43.800913
7.558487 43.801116
7.559179 43.822635
7.561495 43.805530
7.557992 43.808916
7.567145 43.810517
7.551075 43.804612
7.556468 43.799469
7.562093 43.804825
7.558458 43.804037
7.569691 43.797478
7.573247 43.778743
7.561379 43.791463
7.550890 43.819091
7.567389 43.790605
7.559873 43.800863
7.557467 43.807868
7.558597 43.804354
7.560510 43.802942
7.557784 43.803961
7.556873 43.807520
7.553675 43.800529
7.557540 43.803143
7.572075 43.801417
7.572895 43.800098
7.556696 43.802592
7.564722 43.805660
7.558836 43.802243
7.558622 43.793167
7.561558 43.802456
7.560761 43.804020
7.556455 43.808228
7.561128 43.800994
7.560437 43.798921
7.564027 43.808783
7.562002 43.805502
7.556580 43.805278
7.560270 43.811705
7.556258 43.806656
7.550561 43.799146
7.556019 43.794041
7.567176 43.807464
7.558127 43.808710
7.559502 43.801126
7.561264 43.801551
7.560304 43.805721
7.559165 43.807879
7.557035 43.806090
7.557240 43.817846
7.559713 43.792156
7.564148 43.812750
7.559416 43.808885
7.558622 43.805316
7.559461 43.801626
7.554482 43.820289
7.557880 43.808892
7.558780 43.808701
7.579817 43.794707
7.558530 43.808689
7.560415 43.790728
7.553170 43.802570
7.558113 43.811432
7.572394 43.798846
7.557171 43.807849
7.559391 43.807571
7.555627 43.795466
7.568788 43.792251
7.555453 43.819244
7.565015 43.797288
7.557510 43.803128
7.561321 43.803194
7.559059 43.808978
7.551621 43.813420
7.558197 43.793691
7.561266 43.801027
7.556473 43.802049
7.556989 43.808999
7.549955 43.807938
7.560902 43.795359
7.557894 43.799023
7.558738 43.808129
7.565385 43.794033
7.560554 43.808794
7.571080 43.794289
7.566006 43.791737
7.558588 43.802960
7.552228 43.800350
7.551453 43.809895
7.563175 43.811187
7.556258 43.819145
7.555416 43.798965
7.557975 43.806732
7.558583 43.804262
7.561994 43.807481
7.561964 43.807232
7.558422 43.803590
7.558587 43.807710
7.558543 43.802013
7.573360 43.801129
7.561950 43.804895
7.561839 43.800755
7.559768 43.800829
7.558772 43.789813
7.566272 43.787563
7.553170 43.806650
7.558364 43.802385
7.569050 43.809460
7.552192 43.802019
7.556781 43.802134
7.559510 43.807975
7.559514 43.808902
7.553077 43.804696
7.560410 43.800838
7.563442 43.802475
7.562765 43.803228
7.561664 43.806799
7.556468 43.807031
7.562525 43.802493
7.558459 43.806653
7.556378 43.802033
7.561476 43.806422
7.570689 43.803424
7.562344 43.782411
7.563390 43.802368
7.559292 43.805134
7.557569 43.794128
7.565943 43.811664
7.556798 43.800256
7.571875 43.793303
7.562648 43.791164
7.562681 43.802225
7.567529 43.792032
7.561488 43.807639
7.559086 43.802100
7.558063 43.817830
7.568032 43.813420
7.564811 43.792572
7.570049 43.803653
7.554405 43.799948
7.575937 43.789819
7.561684 43.820270
7.567201 43.810096
7.561254 43.806527
7.559816 43.808439
7.559771 43.805858
7.555523 43.804992
7.559928 43.815375
7.556707 43.809008
7.552077 43.814694
7.563858 43.812047
7.559851 43.803295
7.571352 43.789167
7.554642 43.798719
7.560624 43.804753
7.561274 43.807221
7.553783 43.799471
7.564036 43.802154
7.571763 43.796808
7.554210 43.815100
7.557256 43.808717
7.550917 43.816041
7.557707 43.806514
7.558154 43.798738
7.558193 43.804298
7.556883 43.803887
7.566042 43.797713
7.557094 43.813727
7.560100 43.791038
7.567526 43.802478
7.564696 43.795157
7.563615 43.803318
7.557783 43.782892
7.559086 43.803531
7.561054 43.800635
7.555457 43.798733
7.573588 43.806207
7.551365 43.802172
7.556291 43.805061
7.555413 43.805644
7.555650 43.805936
7.557318 43.802475
7.560450 43.799711
7.558603 43.807914
7.561649 43.799816
7.550463 43.790300
7.560883 43.806432
7.554929 43.805175
7.555716 43.805856
7.558148 43.806100
7.597818 43.790945
7.556647 43.806578
7.561304 43.800435
7.559948 43.807873
7.560590 43.800463
7.559978 43.804500
7.562507 43.800747
7.559142 43.799277
7.550685 43.815857
7.552781 43.794802
7.558573 43.803352
7.563681 43.801007
7.560450 43.802434
7.557316 43.818551
7.555630 43.806148
7.555558 43.806155
7.563276 43.801863
7.562249 43.804393
7.560208 43.799704
7.559403 43.806886
7.563259 43.804542
7.557722 43.808211
7.552548 43.813714
7.557548 43.801095
7.563377 43.804382
7.568759 43.824533
7.562168 43.801863
7.557070 43.807858
7.559911 43.807896
7.562178 43.801436
7.562967 43.803746
7.566177 43.806182
7.556921 43.801684
7.561808 43.799949
7.554572 43.805288
7.563018 43.789984
7.559516 43.800775
7.563479 43.804391
7.561344 43.799877
7.554405 43.810776
7.555242 43.792893
7.551468 43.811467
7.556085 43.807396
7.557989 43.800905
7.560470 43.800192
7.556302 43.806449
7.563061 43.800881
7.557973 43.797723
7.556861 43.800683
7.561760 43.804579
7.572515 43.792560
7.563997 43.801262
7.557117 43.799973
7.556781 43.818819
7.555354 43.806395
7.565789 43.803788
7.561270 43.801139
7.554131 43.816668
7.559360 43.803147
7.556110 43.807229
7.555957 43.792859
7.554476 43.804933
7.555446 43.805260
7.562160 43.803656
7.556494 43.801192
7.554825 43.807378
7.557211 43.829151
7.558229 43.800722
7.565694 43.820002
7.559963 43.793966
7.561507 43.806511
7.564903 43.815437
7.565444 43.819380
7.552186 43.815067
7.561875 43.790877
7.557815 43.803337
7.558390 43.805569
7.568149 43.792757
7.561951 43.802823
7.551634 43.803028
7.560084 43.804191
7.563727 43.804105
7.563238 43.790844
7.556902 43.806860
7.557103 43.808373
7.556306 43.806935
7.558355 43.799940
7.560284 43.799472
7.558511 43.799423
7.557037 43.808757
7.552434 43.830402
7.572697 43.779991
7.557142 43.800750
7.568751 43.792256
7.555878 43.806103
7.558791 43.811958
7.560074 43.799267
7.559040 43.800542
7.569707 43.798701
7.561129 43.795420
7.562958 43.802212
7.562743 43.801475
7.560019 43.799228
7.559546 43.808412
7.559249 43.801423
7.559581 43.791134
7.560868 43.807288
7.563924 43.804177
7.557044 43.801647
7.551365 43.813597
7.557846 43.801930
7.563474 43.803521
7.552314 43.799733
7.557870 43.814514
7.562899 43.802135
7.554201 43.809734
7.561657 43.801734
7.559290 43.806264
7.562756 43.797012
7.560591 43.806197
7.558416 43.800126
7.558790 43.799736
7.554318 43.817293
7.557494 43.802170
7.555300 43.805093
7.560600 43.804079
7.570946 43.806045
7.558739 43.806028
7.559321 43.805711
7.558057 43.800207
7.555823 43.800745
7.558516 43.799659
7.552005 43.804187
7.558207 43.803431
7.553649 43.799189
7.556505 43.808225
7.556678 43.801398
7.559210 43.799518
7.562710 43.800775
7.556978 43.802957
7.560545 43.811652
7.589754 43.807072
7.573733 43.792580
7.552187 43.815179
7.568588 43.795353
7.565156 43.790407
7.556409 43.806890
7.566768 43.792114
7.559872 43.790755
7.562470 43.800725
7.554842 43.807623
7.555513 43.807504
7.555092 43.806434
7.569286 43.780471
7.561783 43.807407
7.554825 43.806221
7.563903 43.806635
7.559920 43.803472
7.556458 43.818633
7.560159 43.800489
7.546921 43.798740
7.568558 43.812819
7.559693 43.800835
7.567346 43.795278
7.582936 43.787099
7.563112 43.803401
7.555326 43.805188
7.562640 43.802543
7.559228 43.799932
7.565748 43.799693
7.569591 43.814624
7.556773 43.804749
7.559293 43.800907
7.558163 43.801076
7.563213 43.792333
7.556398 43.801178
7.579918 43.799363
7.563756 43.819322
7.563452 43.794089
7.555510 43.803965
7.558433 43.799702
7.552425 43.807218
7.556256 43.804372
7.556398 43.809667
7.561190 43.805772
7.563897 43.800893
7.560842 43.799991
7.556866 43.798763
7.562735 43.791767
7.569201 43.807257
7.559576 43.801300
7.557444 43.809867
7.554717 43.806614
7.552210 43.817154
7.560649 43.793753
7.555254 43.806107
7.566672 43.812575
7.562288 43.803631
7.554994 43.803467
7.560978 43.803403
7.561815 43.803993
7.558931 43.805758
7.573177 43.795288
7.558957 43.800025
7.557524 43.808640
7.574086 43.777574
7.558359 43.806535
7.558591 43.805139
7.553330 43.802244
7.561598 43.804505
7.559772 43.805379
7.559084 43.802874
7.557252 43.804447
7.557338 43.803279
7.568474 43.801163
7.552614 43.799396
7.555581 43.798939
7.562256 43.801355
7.563653 43.814109
7.554437 43.803449
7.555578 43.804434
7.559803 43.808616
7.565823 43.833904
7.556151 43.806687
7.558481 43.800356
7.562843 43.800661
7.555983 43.806225
7.561800 43.803280
7.561234 43.801300
7.572008 43.795537
7.552289 43.816611
7.566244 43.799099
7.560897 43.791743
7.555747 43.808223
7.561021 43.799335
7.565244 43.808339
7.554243 43.810726
7.557633 43.806188
7.558890 43.801118
7.563880 43.799452
7.558695 43.804608
7.562639 43.800108
7.558587 43.815195
7.561026 43.805570
7.572551 43.790096
7.548901 43.793952
7.563201 43.802963
7.563080 43.799386
7.558246 43.802466
7.563812 43.804378
7.572570 43.790163
7.563447 43.800235
7.556086 43.804434
7.555723 43.803903
7.560497 43.805512
7.557414 43.800734
7.556938 43.806664
7.559579 43.807254
7.563746 43.805130
7.562600 43.799715
7.556082 43.805400
7.572922 43.790759
7.560378 43.806505
7.570699 43.800794
7.555172 43.816798
7.558666 43.811714
7.562998 43.805018
7.562774 43.800063
7.585000 43.805283
7.560095 43.800893
7.557678 43.792443
7.576838 43.839950
7.560084 43.807778
7.566522 43.790693
7.563823 43.805631
7.592346 43.776598
7.568119 43.814314
7.554996 43.807234
7.564378 43.815177
7.552755 43.816047
7.554835 43.819792
7.562840 43.799644
7.552694 43.801538
7.563558 43.806170
7.564416 43.819297
7.568705 43.803692
7.556950 43.808428
7.555025 43.805040
7.567873 43.804257
7.554527 43.806731
7.557178 43.809556
7.554773 43.803850
7.561446 43.800374
7.559688 43.803904
7.555334 43.803850
7.556650 43.809957
7.563382 43.801940
7.557463 43.809373
7.560526 43.818280
7.569212 43.793538
7.555731 43.796997
7.559459 43.802597
7.557341 43.803623
7.556857 43.803422
7.556675 43.810426
7.577208 43.769145
7.552686 43.805591
7.562481 43.801599
7.558276 43.800272
7.547649 43.819712
7.579199 43.788980
7.563558 43.805065
7.556874 43.801779
7.562703 43.799667
7.560254 43.803627
7.569518 43.813271
7.557749 43.798988
7.573689 43.790269
7.559425 43.807540
7.553147 43.810867
7.562986 43.804306
7.558106 43.809868
7.561664 43.807536
7.569639 43.781341
7.567955 43.790681
7.563150 43.806151
7.572333 43.803664
7.554571 43.807606
7.559373 43.801048
7.558108 43.802952
7.554666 43.808220
7.555516 43.803983
7.560467 43.807100
7.562945 43.801947
7.557092 43.805081
7.560956 43.803058
7.567306 43.810664
7.550703 43.804139
7.556303 43.805131
7.561353 43.805352
7.556577 43.809185
7.559010 43.803456
7.562964 43.799509
7.551463 43.799484
7.557291 43.808798
7.559916 43.807778
7.556489 43.809128
7.560563 43.799831
7.551527 43.810798
7.569357 43.793301
7.563008 43.802574
7.565881 43.795279
7.561177 43.791667
7.560768 43.812013
7.565125 43.791663
7.561095 43.808549
7.561063 43.808886
7.565967 43.789969
7.551318 43.811241
7.556268 43.808442
7.573194 43.798111
7.562424 43.805299
7.569199 43.789518
7.572462 43.782403
7.551065 43.801086
7.564014 43.806131
7.562833 43.811566
7.557445 43.801896
7.567267 43.833063
7.559216 43.801081
7.563324 43.803949
7.551203 43.815973
7.558380 43.799793
7.554872 43.808666
7.562871 43.800288
7.556968 43.809647
7.557345 43.806829
7.558948 43.801199
7.559344 43.810545
7.559819 43.814841
7.554820 43.789110
7.555356 43.814524
7.558379 43.808811
7.560953 43.808432
7.560722 43.804517
7.561327 43.808472
7.568096 43.784796
7.558622 43.802681
7.556828 43.803589
7.553280 43.815816
7.555410 43.803869
7.554704 43.808667
7.554579 43.805383
7.573710 43.815375
7.542649 43.828256
7.560868 43.791690
7.561351 43.801361
7.558855 43.803195
7.560088 43.818586
7.564977 43.792269
7.561035 43.799128
7.555484 43.805952
7.562354 43.800925
7.560352 43.808498
7.573271 43.793226
7.576727 43.811452
7.558422 43.799803
7.563452 43.805294
7.556860 43.809502
7.561712 43.807065
7.559153 43.809349
7.560212 43.799805
7.557188 43.809719
7.559624 43.801364
7.560091 43.809156
7.554956 43.806686
7.554689 43.803987
7.560910 43.809017
7.559273 43.805416
7.558964 43.808977
7.559221 43.782090
7.560158 43.809634
7.559624 43.799905
7.556579 43.793468
7.567438 43.782844
7.561107 43.805747
7.570109 43.804659
7.563078 43.805528
7.566090 43.817891
7.557642 43.805596
7.563380 43.800083
7.554863 43.807349
7.563528 43.800016
7.562788 43.817841
7.554680 43.807811
7.566353 43.806334
7.561107 43.808683
7.560250 43.807885
7.559926 43.810025
7.561003 43.801244
7.560980 43.806732
7.552747 43.812588
7.556405 43.809711
7.571753 43.791913
7.556457 43.809864
7.546681 43.806333
7.557103 43.817096
7.558635 43.809558
7.551587 43.807832
7.556789 43.806177
7.559440 43.807257
7.563428 43.806045
7.558328 43.809839
7.558735 43.799325
7.554465 43.805116
7.569445 43.791245
7.562029 43.796364
7.573439 43.797266
7.561211 43.800451
7.554225 43.802856
7.558268 43.790608
7.561869 43.801325
7.549484 43.789898
7.557854 43.807988
7.554627 43.817351
7.560628 43.801708
7.558910 43.810188
7.555092 43.807738
7.562249 43.793933
7.551012 43.802619
7.559799 43.801157
7.554535 43.806273
7.560425 43.806326
7.556403 43.801180
7.558281 43.799277
7.563365 43.801702
7.557860 43.807209
7.561099 43.802701
7.556340 43.806577
7.562447 43.802075
7.557298 43.804803
7.557094 43.809589
7.555333 43.799888
7.557286 43.802837
7.556335 43.810171
7.557492 43.808082
7.557155 43.803406
7.556093 43.806731
7.570675 43.803510
7.557748 43.804351
7.569598 43.795748
7.553244 43.801980
7.552966 43.815672
7.559092 43.808035
7.555764 43.804250
7.548428 43.804762
7.560380 43.808310
7.559285 43.810396
7.563798 43.799441
7.563001 43.790950
7.560969 43.804154
7.582868 43.794346
7.566139 43.803142
7.552266 43.801774
7.563852 43.805669
7.558558 43.800158
7.560309 43.800247
7.556080 43.803104
7.555930 43.808773
7.555950 43.805962
7.554902 43.802626
7.559926 43.803969
7.560670 43.798880
7.554572 43.802897
7.561358 43.798962
7.561368 43.797827
7.555733 43.808959
7.560808 43.799248
7.555688 43.802571
7.564729 43.798313
7.556080 43.792686
7.554953 43.805144
7.563658 43.803484
7.560426 43.798607
7.561893 43.798466
7.563423 43.816474
7.559156 43.802744
7.556797 43.809976
7.561867 43.805468
7.560151 43.803483
7.560864 43.807881
7.556379 43.810314
7.563663 43.800832
7.565638 43.800770
7.567062 43.814420
7.568361 43.810342
7.558322 43.802417
7.559078 43.796925
7.554100 43.804024
7.554720 43.797194
7.554684 43.802409
7.558355 43.810060
7.556860 43.800903
7.558378 43.806496
7.563363 43.803312
7.554712 43.806936
7.556226 43.807083
7.561319 43.790145
7.560784 43.801985
7.554949 43.802624
7.554568 43.804789
7.555277 43.795658
7.559966 43.801861
7.580206 43.806047
7.557948 43.808719
7.562976 43.803049
7.560773 43.803969
7.557279 43.808413
7.561970 43.807627
7.554987 43.808935
7.555185 43.804312
7.561252 43.822907
7.562012 43.798847
7.569701 43.802995
7.556079 43.808659
7.555923 43.805003
7.558007 43.805458
7.558144 43.807506
7.560057 43.808932
7.561085 43.797930
7.557430 43.804338
7.555200 43.805159
7.574752 43.779074
7.559610 43.794945
7.571161 43.788042
7.561696 43.800246
7.559897 43.807685
7.559726 43.820240
7.559167 43.794615
7.563797 43.800059
7.569780 43.784913
7.559465 43.791091
7.554895 43.802923
7.557451 43.802541
7.558647 43.809212
7.555460 43.818148
7.558664 43.799633
7.573412 43.789857
7.561052 43.797983
7.564043 43.804317
7.561669 43.803402
7.557077 43.809657
7.563944 43.805764
7.563803 43.801058
7.561439 43.801730
7.558258 43.807589
7.562384 43.801068
7.561304 43.821384
7.556030 43.805057
7.560939 43.802500
7.559007 43.820392
7.561109 43.806049
7.560200 43.807331
7.562674 43.820273
7.560479 43.812731
7.559585 43.801557
7.563015 43.800599
7.553802 43.803076
7.558413 43.805646
7.555915 43.807834
7.555701 43.806350
7.564410 43.792301
7.559577 43.820011
7.562220 43.802363
7.568250 43.813924
7.557032 43.805518
7.561502 43.799817
7.569210 43.802044
7.554875 43.812677
7.563439 43.803979
7.570106 43.789748
7.555515 43.807944
7.560589 43.802762
7.558235 43.799864
7.557733 43.799223
7.561421 43.807286
7.557610 43.799467
7.560387 43.808860
7.555650 43.808836
7.562646 43.798463
7.563150 43.798989
7.567959 43.809247
7.560058 43.806586
7.558897 43.804752
7.562933 43.807481
7.559516 43.799290
7.559428 43.810233
7.558008 43.799375
7.560906 43.801599
7.556472 43.809251
7.559831 43.801410
7.563844 43.799207
7.563721 43.806808
7.571653 43.793753
7.551003 43.794514
7.556833 43.800384
7.563327 43.818339
7.561640 43.829038
7.557087 43.800848
7.554818 43.806134
7.561638 43.808284
7.563158 43.807564
7.566046 43.800583
7.554919 43.802582
7.557882 43.802391
7.552475 43.812708
7.555149 43.799726
7.565875 43.815606
7.561044 43.803858
7.551844 43.803782
7.554794 43.794565
7.562648 43.798546
7.556592 43.799427
7.564364 43.795904
7.559361 43.809081
7.559134 43.807705
7.556720 43.810222
7.561519 43.804568
7.562832 43.804764
7.556874 43.799400
7.555938 43.802992
7.556789 43.807356
7.566904 43.795367
7.562788 43.807024
7.562816 43.805465
7.557677 43.807669
7.557770 43.817303
7.558799 43.802864
7.561806 43.828518
7.557705 43.800394
7.553624 43.794191
7.563554 43.807464
7.562487 43.802825
7.560444 43.805996
7.554999 43.806266
7.555673 43.804294
7.559990 43.800406
7.554776 43.797562
7.558386 43.808061
7.561020 43.807937
7.558399 43.809277
7.558031 43.802301
7.551390 43.799914
7.555169 43.808083
7.556842 43.800949
7.564451 43.807990
7.558072 43.804956
7.562789 43.803192
7.563946 43.805161
7.551684 43.800050
7.563516 43.806897
7.559009 43.806090
7.561804 43.807550
7.557889 43.800260
7.560451 43.802023
7.554656 43.802467
7.560305 43.798868
7.562219 43.798484
7.550339 43.793782
7.570250 43.790357
7.555450 43.806516
7.561610 43.815610
7.563772 43.801166
7.558395 43.800116
7.563601 43.800048
7.568823 43.805864
7.575337 43.778751
7.566728 43.813631
7.560501 43.800260
7.551172 43.808293
7.564814 43.801350
7.559072 43.798207
7.558251 43.797843
7.555831 43.807738
7.563235 43.806627
7.559248 43.800684
7.554613 43.809266
7.561048 43.797979
7.556739 43.799559
7.551116 43.819926
7.561786 43.801241
7.554645 43.809192
7.562723 43.807129
7.556937 43.812417
7.569999 43.797510
7.561950 43.801818
7.558886 43.798556
7.562661 43.803556
7.556865 43.800110
7.560044 43.799132
7.563312 43.801833
7.559907 43.804570
7.562174 43.786690
7.553090 43.804779
7.555651 43.803066
7.557063 43.802798
7.565385 43.802762
7.549085 43.794730
7.558347 43.809173
7.559044 43.798086
7.573625 43.790052
7.558901 43.808647
7.567617 43.794685
7.555716 43.804504
7.559083 43.800832
7.559908 43.796154
7.585303 43.801638
7.564655 43.801602
7.554730 43.813473
7.565912 43.803177
7.591997 43.825190
7.555808 43.808096
7.557979 43.806379
7.557293 43.803726
7.556140 43.810142
7.558807 43.800519
7.560015 43.798640
7.563489 43.788548
7.563184 43.799774
7.557710 43.809562
7.560930 43.798389
7.556570 43.794879
7.557263 43.800362
7.565637 43.809907
7.558846 43.802348
7.562400 43.793513
7.555187 43.804870
7.559291 43.807598
7.556943 43.801842
7.563329 43.799050
7.563060 43.787334
7.556618 43.808738
7.563790 43.798532
7.561357 43.802383
7.563259 43.791565
7.565237 43.802839
7.561709 43.799942
7.555086 43.802513
7.551099 43.794581
7.562493 43.805073
7.556794 43.801207
7.562072 43.815876
7.558740 43.804323
7.562619 43.804148
7.563951 43.815428
7.554783 43.810156
7.557099 43.821254
7.563824 43.806556
7.566014 43.800497
7.557731 43.793666
7.557628 43.799308
7.569086 43.799598
7.565733 43.819012
7.565619 43.803054
7.556254 43.806733
7.557223 43.802589
7.566053 43.805987
7.561654 43.805582
7.559487 43.805887
7.560690 43.807012
7.561433 43.820426
7.563942 43.805051
7.577198 43.781919
7.564765 43.807244
7.558580 43.798983
7.560519 43.803351
7.571252 43.802948
7.557505 43.800493
7.568163 43.800955
7.562775 43.802820
7.575025 43.813798
7.566832 43.814121
7.556921 43.806026
7.561492 43.798890
7.564708 43.801651
7.558372 43.800709
7.557210 43.809852
7.563613 43.804473
7.563242 43.801897
7.554806 43.796015
7.564801 43.804454
7.555405 43.803656
7.568633 43.782859
7.562233 43.788308
7.555414 43.810446
7.573274 43.797155
7.560223 43.800487
7.563159 43.795206
7.562193 43.806629
7.558688 43.807069
7.559500 43.798623
7.572659 43.793782
7.559548 43.797948
7.565738 43.803124
7.554955 43.808481
7.557192 43.802886
7.556479 43.800327
7.558856 43.799000
7.559944 43.798244
7.555550 43.803843
7.555701 43.802812
7.565091 43.790005
7.566195 43.790974
7.563650 43.794386
7.562760 43.798989
7.559855 43.809007
7.569609 43.835041
7.559000 43.798326
7.559910 43.804057
7.558653 43.793045
7.566369 43.795050
7.565501 43.799721
7.556567 43.803629
7.569448 43.808433
7.554505 43.809388
7.563825 43.802684
7.565646 43.801624
7.554979 43.809297
7.556518 43.800916
7.556336 43.801235
7.564824 43.802055
7.551644 43.790487
7.563894 43.802867
7.563236 43.799271
7.556180 43.805257
7.558834 43.798169
7.555278 43.816378
7.559956 43.802062
7.551432 43.816025
7.561122 43.812067
7.559617 43.798473
7.561296 43.801776
7.555175 43.805978
7.562515 43.826739
7.569419 43.788495
7.558168 43.800517
7.565730 43.802096
7.554400 43.802928
7.551016 43.799121
7.570118 43.794744
7.560387 43.823117
7.561232 43.802102
7.563459 43.819366
7.563810 43.800040
7.568319 43.788384
7.561629 43.819520
7.560158 43.806805
7.562144 43.809578
7.553214 43.796540
7.561532 43.807571
7.572178 43.791188
7.556323 43.799982
7.555498 43.803657
7.564938 43.788040
7.561670 43.807666
7.557595 43.807858
7.562449 43.801845
7.555151 43.809334
7.559052 43.800661
7.555630 43.807634
7.561441 43.809356
7.549183 43.789454
7.565909 43.800074
7.561743 43.810273
7.558218 43.808894
7.557040 43.809285
7.558028 43.805257
7.564633 43.804621
7.561981 43.792118
7.561793 43.797634
7.572118 43.805632
7.568041 43.788139
7.555471 43.796749
7.565974 43.803540
7.559860 43.805027
7.554428 43.807355
7.557116 43.803155
7.558998 43.798379
7.561595 43.802797
7.568059 43.789290
7.563710 43.798839
7.557218 43.809924
7.556292 43.807685
7.577045 43.821226
7.553990 43.778470
7.561810 43.798427
7.564258 43.838421
7.565572 43.803673
7.557093 43.802293
7.573698 43.808291
7.571898 43.798660
7.558022 43.811165
7.562518 43.805679
7.555414 43.804375
7.570273 43.806638
7.567342 43.814199
7.564426 43.803038
7.557961 43.811153
7.569307 43.798098
7.561113 43.802646
7.564872 43.800099
7.569695 43.788922
7.554899 43.809455
7.554583 43.792244
7.557313 43.800281
7.566146 43.811387
7.558667 43.793328
7.622372 43.773996
7.564425 43.801249
7.558846 43.809872
7.565412 43.803854
7.563940 43.803119
7.562779 43.801310
7.554906 43.804907
7.562490 43.799851
7.560817 43.809757
7.556820 43.819717
7.556400 43.811039
7.569098 43.787468
7.559022 43.804209
7.562150 43.806311
7.553541 43.834912
7.560166 43.823298
7.565280 43.804673
7.554371 43.802320
7.569137 43.782464
7.557780 43.806769
7.559726 43.803699
7.558830 43.810371
7.557296 43.811377
7.561509 43.798795
7.559720 43.807805
7.562055 43.809040
7.561879 43.791530
7.556491 43.800343
7.570220 43.807735
7.562878 43.799404
7.563559 43.787708
7.560766 43.800376
7.558900 43.802876
7.563186 43.815225
7.562318 43.801271
7.564833 43.801543
7.554770 43.796895
7.560133 43.788080
7.564512 43.803966
7.571728 43.840818
7.561893 43.804271
7.563072 43.803724
7.557298 43.809348
7.556367 43.799900
7.570400 43.807006
7.560631 43.807337
7.552886 43.800809
7.555830 43.806370
7.572795 43.790410
7.558106 43.808453
7.551184 43.798130
7.557918 43.811771
7.556350 43.805170
7.557695 43.803511
7.557566 43.809612
7.558668 43.799064
7.563576 43.807001
7.559956 43.806409
7.562539 43.797962
7.559580 43.801039
7.554885 43.788051
7.583275 43.824972
7.555978 43.806801
7.556799 43.806290
7.547135 43.816488
7.561513 43.804940
7.561729 43.783916
7.561456 43.805806
7.555674 43.809011
7.552721 43.812630
7.557321 43.803217
7.560823 43.788274
7.555661 43.809240
7.562781 43.789734
7.559552 43.802872
7.566025 43.788580
7.568534 43.791438
7.558280 43.809524
7.556949 43.800677
7.559334 43.820864
7.562643 43.789845
7.561346 43.801406
7.563946 43.800043
7.557644 43.802267
7.572655 43.800529
7.557272 43.800006
7.566925 43.814527
7.564662 43.804492
7.566358 43.802851
7.557006 43.804528
7.558338 43.798492
7.559615 43.811642
7.564307 43.801175
7.558691 43.807054
7.560035 43.808045
7.561832 43.799059
7.557992 43.810874
7.564199 43.799219
7.554549 43.809449
7.560101 43.811568
7.554827 43.801559
7.554564 43.804485
7.563117 43.827154
7.555554 43.801880
7.568314 43.809817
7.573835 43.796748
7.560751 43.800594
7.558799 43.811701
7.560144 43.800952
7.556874 43.801049
7.555407 43.801673
7.559729 43.804784
7.558625 43.798015
7.551932 43.795665
7.569322 43.786934
7.561757 43.808982
7.563823 43.806469
7.572795 43.790832
7.558551 43.810476
7.559728 43.796851
7.554762 43.801467
7.557591 43.807547
7.563291 43.803684
7.555102 43.801082
7.564342 43.802331
7.562174 43.820432
7.558787 43.811331
7.571459 43.801402
7.556471 43.809240
7.562454 43.816176
7.571557 43.807412
7.557825 43.811183
7.559772 43.815097
7.563885 43.801682
7.563163 43.792922
7.558443 43.811804
7.560157 43.800125
7.562863 43.798719
7.555779 43.800997
7.557097 43.809954
7.564081 43.793775
7.554666 43.812793
7.562727 43.789082
7.562512 43.801869
7.565796 43.806419
7.565398 43.820483
7.567457 43.804214
7.560303 43.807293
7.550965 43.801140
7.559593 43.802248
7.556536 43.799940
7.576242 43.796732
7.568341 43.788845
7.555691 43.809671
7.562568 43.800403
7.564919 43.801904
7.562100 43.809848
7.557016 43.799682
7.564204 43.799831
7.562928 43.798025
7.556553 43.809093
7.559833 43.800864
7.564952 43.804156
7.555634 43.802678
7.616554 43.778366
7.563532 43.808012
7.553934 43.807550
7.559593 43.810069
7.561650 43.803199
7.563855 43.800251
7.560065 43.799180
7.563427 43.807882
7.561264 43.810391
7.554492 43.808150
7.550952 43.813368
7.569375 43.833127
7.564697 43.799066
7.561576 43.799283
7.555587 43.804408
7.563032 43.806942
7.556333 43.810869
7.555915 43.806715
7.559758 43.799930
7.558261 43.811432
7.550512 43.796852
7.561681 43.789690
7.561439 43.793136
7.550998 43.801993
7.562112 43.805868
7.557238 43.793671
7.556817 43.803954
7.568397 43.788231
7.559218 43.805066
7.559943 43.808916
7.563846 43.802341
7.561139 43.800002
7.560735 43.808145
7.558509 43.811342
7.554758 43.816401
7.570074 43.792500
7.563667 43.808645
7.560561 43.798692
7.564274 43.798461
7.561897 43.812235
7.556197 43.807833
7.576658 43.793368
7.563174 43.797521
7.576649 43.796023
7.557861 43.809318
7.559898 43.806809
7.556061 43.835160
7.556882 43.801304
7.554517 43.807497
7.563576 43.797134
7.562038 43.797738
7.562401 43.796843
7.557379 43.800114
7.560617 43.796876
7.557155 43.799669
7.561915 43.812675
7.561477 43.797156
7.560906 43.809290
7.562643 43.800738
7.564820 43.786746
7.557727 43.805267
7.565593 43.799752
7.562469 43.807287
7.576697 43.795907
7.563040 43.798002
7.557739 43.804112
7.562641 43.796850
7.555773 43.803359
7.560331 43.805569
7.562245 43.805998
7.569512 43.812383
7.562631 43.806651
7.555622 43.801331
7.561586 43.796702
7.563063 43.805089
7.564279 43.801982
7.565474 43.819888
7.570512 43.781723
7.565835 43.798296
7.563295 43.804287
7.563358 43.797057
7.557494 43.802481
7.563988 43.808332
7.568753 43.787318
7.563333 43.799819
7.574493 43.793148
7.560028 43.803596
7.568585 43.817419
7.557464 43.794131
7.583584 43.779639
7.560148 43.808303
7.563374 43.809942
7.558327 43.810986
7.568561 43.816157
7.558832 43.799143
7.560475 43.804724
7.564526 43.788037
7.558941 43.802010
7.549303 43.808667
7.563963 43.804612
7.554379 43.810078
7.565233 43.805173
7.561726 43.809524
7.560480 43.796441
7.560393 43.797212
7.564719 43.805081
7.555276 43.807797
7.553112 43.806690
7.558191 43.810587
7.561402 43.802911
7.561113 43.796683
7.562482 43.801843
7.566903 43.795249
7.567847 43.787524
7.559394 43.825523
7.577290 43.795169
7.556624 43.811258
7.563606 43.803027
7.564163 43.804902
7.557318 43.810124
7.561830 43.839808
7.554797 43.807587
7.562026 43.797433
7.564612 43.800378
7.565204 43.800380
7.564582 43.804263
7.559872 43.805650
7.571745 43.791370
7.575590 43.793222
7.577285 43.799427
7.570608 43.799166
7.563564 43.790044
7.559689 43.799734
7.560816 43.800200
7.556812 43.807232
7.562646 43.807695
7.557729 43.800870
7.565122 43.799428
7.554700 43.800962
7.560693 43.796556
7.565563 43.806059
7.563391 43.822882
7.551132 43.800930
7.569483 43.793257
7.564817 43.798845
7.554877 43.800753
7.555766 43.804603
7.565402 43.812799
7.558081 43.805922
7.555990 43.802743
7.582464 43.786120
7.565507 43.805998
7.556543 43.796344
7.564983 43.798391
7.560194 43.796775
7.559232 43.810698
7.562222 43.798009
7.563573 43.805664
7.563128 43.822024
7.562599 43.797591
7.561834 43.810364
7.556475 43.811011
7.555460 43.809682
7.567694 43.811425
7.573864 43.800321
7.567227 43.812703
7.561286 43.799115
7.561043 43.809121
7.565690 43.794782
7.559090 43.809321
7.552857 43.798852
7.550557 43.796906
7.552072 43.812448
7.558712 43.809266
7.557964 43.817408
7.557748 43.805766
7.561312 43.796441
7.560976 43.798206
7.556294 43.800797
7.557079 43.807775
7.567341 43.787417
7.553043 43.806792
7.561515 43.807301
7.558306 43.806729
7.566897 43.807020
7.564732 43.805808
7.557169 43.809720
7.560775 43.804323
7.555356 43.808046
7.555987 43.811409
7.560246 43.807303
7.560238 43.795737
7.553636 43.807500
7.561681 43.800717
7.547085 43.807705
7.552786 43.805806
7.634241 43.786090
7.560156 43.799264
7.554039 43.807628
7.561085 43.800408
7.564497 43.804320
7.561750 43.802746
7.572142 43.807323
7.558983 43.804728
7.569558 43.817044
7.570130 43.795181
7.555420 43.795662
7.558275 43.808816
7.564803 43.801061
7.575550 43.795960
7.556917 43.811445
7.554481 43.801639
7.564170 43.799573
7.553942 43.807400
7.554797 43.804144
7.564183 43.797156
7.552302 43.813530
7.555863 43.795494
7.555414 43.805363
7.557287 43.800430
7.622284 43.794152
7.557339 43.806651
7.556391 43.804513
7.555016 43.820077
7.560711 43.797463
7.561217 43.805390
7.562599 43.800605
7.553611 43.806144
7.570306 43.803163
7.556122 43.797520
7.555507 43.801511
7.556764 43.801224
7.554210 43.804883
7.548015 43.811171
7.567502 43.836596
7.556386 43.800656
7.562434 43.804637
7.563152 43.801386
7.556841 43.798496
7.570569 43.798820
7.561828 43.799184
7.565633 43.812680
7.557377 43.798697
7.563793 43.804845
7.557993 43.798687
7.552443 43.805442
7.564427 43.798068
7.554919 43.797450
7.552723 43.804915
7.555934 43.810619
7.565073 43.800999
7.554565 43.810813
7.558614 43.810974
7.559817 43.800058
7.556065 43.801912
7.553953 43.806205
7.557349 43.798598
7.560315 43.796561
7.551683 43.822161
7.555216 43.808364
7.555694 43.807370
7.558485 43.816135
7.559802 43.821920
7.564356 43.803487
7.564676 43.799355
7.564468 43.794164
7.561808 43.808922
7.554251 43.806304
7.556885 43.808241
7.564918 43.805840
7.565187 43.788761
7.572669 43.811033
7.556328 43.797976
7.551704 43.813431
7.557748 43.796326
7.558505 43.796131
7.562406 43.817822
7.555416 43.801585
7.560534 43.806310
7.555249 43.809163
7.552104 43.777796
7.559203 43.801961
7.554143 43.805388
7.570127 43.792442
7.561418 43.796723
7.564661 43.820749
7.574956 43.794629
7.561758 43.804381
7.555378 43.804627
7.561320 43.801817
7.565450 43.804037
7.557629 43.799048
7.554288 43.804978
7.565056 43.797910
7.557698 43.804298
7.559261 43.791742
7.567094 43.786807
7.560173 43.799918
7.566219 43.792234
7.553614 43.808568
7.569791 43.784233
7.562182 43.801681
7.555756 43.801153
7.554663 43.797466
7.558577 43.808738
7.555818 43.805865
7.557123 43.808111
7.555953 43.802688
7.566127 43.787054
7.573488 43.815796
7.552738 43.808335
7.573511 43.791668
7.554372 43.805109
7.557884 43.809518
7.554451 43.819813
7.561296 43.798781
7.552562 43.806881
7.557334 43.798173
7.557560 43.807648
7.562053 43.802990
7.564598 43.802038
7.561991 43.809955
7.583263 43.850633
7.555730 43.812152
7.566305 43.814833
7.617076 43.776230
7.564554 43.798174
7.557520 43.800201
7.556322 43.793323
7.573639 43.789124
7.572440 43.787148
7.551025 43.811974
7.557945 43.802250
7.560167 43.799159
7.572788 43.797685
7.577232 43.797766
7.563872 43.805737
7.556169 43.802279
7.554014 43.808983
7.548474 43.807990
7.556016 43.810432
7.556512 43.823086
7.556775 43.811734
7.563987 43.800600
7.553715 43.805136
7.554097 43.806899
7.560614 43.798997
7.559470 43.807714
7.570754 43.789168
7.562651 43.798912
7.553266 43.805758
7.558765 43.796417
7.558507 43.797759
7.554378 43.810150
7.562824 43.794479
7.571735 43.815556
7.559248 43.819613
7.556861 43.801209
7.554923 43.801916
7.559049 43.804467
7.562759 43.806959
7.556684 43.800056
7.562680 43.780662
7.556214 43.790829
7.556741 43.805358
7.555916 43.794281
7.558285 43.799189
7.553544 43.800063
7.570014 43.807154
7.564857 43.802783
7.547203 43.809448
7.555810 43.816425
7.557032 43.803170
7.562439 43.797528
7.571306 43.808752
7.569142 43.803985
7.564518 43.796671
7.558758 43.803890
7.557181 43.798887
7.573874 43.799127
7.561889 43.810865
7.552547 43.808372
7.563095 43.796917
7.565998 43.796605
7.565095 43.797527
7.558534 43.803652
7.556037 43.805616
7.562633 43.804773
7.554170 43.808224
7.558619 43.800906
7.552735 43.813928
7.561985 43.806588
7.553917 43.806877
7.560292 43.801110
7.560918 43.798164
7.566054 43.799968
7.562884 43.799443
7.553992 43.799625
7.559076 43.812822
7.556502 43.797577
7.556957 43.804159
7.558872 43.796466
7.559651 43.811157
7.557935 43.803572
7.565081 43.798519
7.563213 43.802314
7.565909 43.796999
7.561340 43.799291
7.554918 43.802185
7.565046 43.806088
7.558582 43.802615
7.561052 43.810540
7.558491 43.797653
7.562640 43.797447
7.562083 43.808214
7.557380 43.810689
7.557009 43.789414
7.565605 43.797734
7.559047 43.808843
7.564632 43.805489
7.553156 43.805775
7.554055 43.805561
7.562864 43.798819
7.564383 43.797297
7.558103 43.797609
7.568448 43.791509
7.575918 43.797839
7.573111 43.787568
7.554041 43.796923
7.561646 43.823966
7.555327 43.805148
7.554040 43.807380
7.561638 43.811257
7.565288 43.802081
7.560965 43.796707
7.560743 43.810694
7.560869 43.809306
7.557066 43.798648
7.552466 43.806780
7.576112 43.794268
7.565808 43.812927
7.552744 43.800684
7.550842 43.813792
7.559036 43.796660
7.565623 43.803664
7.567737 43.788754
7.557959 43.789854
7.565630 43.790107
7.563321 43.821634
7.563223 43.798998
7.565749 43.807144
7.558375 43.790103
7.556426 43.792753
7.576552 43.790742
7.551796 43.813348
7.552765 43.814057
7.561345 43.798602
7.552670 43.799317
7.563939 43.808234
7.574080 43.790641
7.550520 43.812507
7.560501 43.800245
7.567114 43.815394
7.553285 43.804366
7.555839 43.806195
7.554532 43.801020
7.561788 43.808963
7.554011 43.808123
7.559904 43.800319
7.574585 43.789939
7.559057 43.803291
7.554768 43.804380
7.565639 43.806701
7.564605 43.805199
7.564171 43.806997
7.555528 43.803305
7.565430 43.809795
7.550899 43.812659
7.553384 43.804273
7.556597 43.797850
7.572814 43.787345
7.558320 43.796956
7.552651 43.804048
7.564759 43.817385
7.574371 43.796671
7.562234 43.809077
7.577476 43.789490
7.557013 43.790953
7.553924 43.802611
7.574035 43.799898
7.565638 43.799504
7.563167 43.797104
7.554654 43.791686
7.564307 43.805838
7.552586 43.805700
7.556591 43.810411
7.565555 43.806251
7.556724 43.801195
7.557193 43.811038
7.551089 43.821493
7.571775 43.800852
7.563639 43.809349
7.565078 43.800545
7.557202 43.812923
7.554167 43.804580
7.576288 43.791428
7.558084 43.800515
7.561167 43.816557
7.556451 43.806301
7.565113 43.806447
7.557257 43.812299
7.559648 43.797509
7.562945 43.801494
7.554016 43.805659
7.553292 43.804461
7.561310 43.809732
7.560078 43.810474
7.559129 43.808073
7.563984 43.809361
7.577494 43.792054
7.561904 43.799731
7.560582 43.803208
7.569599 43.793231
7.560225 43.797013
7.554227 43.803946
7.558228 43.812207
7.560741 43.810977
7.565651 43.797118
7.556744 43.802990
7.558984 43.809819
7.562683 43.810058
7.559512 43.797593
7.565553 43.796546
7.547893 43.807912
7.555614 43.813324
7.564195 43.803078
7.563025 43.807529
7.559205 43.817772
7.563813 43.797151
7.564214 43.816882
7.561158 43.823351
7.552518 43.805024
7.561395 43.799309
7.555376 43.810213
7.556649 43.812493
7.557401 43.810228
7.548465 43.810236
7.562989 43.787567
7.572489 43.802161
7.555968 43.808758
7.558163 43.806344
7.552657 43.807244
7.561405 43.800032
7.558758 43.825516
7.562126 43.798988
7.549793 43.807056
7.562311 43.810273
7.558187 43.812840
7.556532 43.810776
7.561628 43.805964
7.557681 43.805770
7.558278 43.787323
7.565293 43.807278
7.570835 43.801146
7.559564 43.804293
7.574771 43.789469
7.566692 43.807797
7.563968 43.800130
7.554178 43.805061
7.559719 43.802699
7.554600 43.800029
7.553903 43.806461
7.555785 43.811557
7.564374 43.797192
7.559048 43.807131
7.566010 43.792471
7.557842 43.805578
7.561434 43.807848
7.554760 43.809329
7.559446 43.806427
7.555120 43.800292
7.564747 43.796096
7.559029 43.813242
7.559652 43.812539
7.547555 43.805620
7.559320 43.812104
7.560791 43.796891
7.569251 43.796882
7.558791 43.814813
7.566962 43.800946
7.562373 43.797801
7.559065 43.811471
7.559109 43.812957
7.558146 43.792389
7.556067 43.791011
7.559047 43.812228
7.563459 43.810434
7.562053 43.809255
7.555177 43.806586
7.557919 43.792096
7.554968 43.807170
7.562551 43.800929
7.557882 43.812042
7.556586 43.802703
7.559009 43.798470
7.565850 43.807125
7.576040 43.820884
7.550542 43.798906
7.566362 43.815876
7.551279 43.797109
7.556103 43.813469
7.569135 43.805013
7.560612 43.825374
7.547674 43.803622
7.557957 43.798990
7.566250 43.800533
7.557017 43.803275
7.552648 43.809148
7.562876 43.810294
7.562791 43.795167
7.552565 43.809811
7.556422 43.812008
7.558644 43.795289
7.564609 43.801770
7.559588 43.809475
7.557230 43.817314
7.550001 43.811439
7.558590 43.812238
7.556143 43.803031
7.566166 43.800788
7.553615 43.803570
7.553569 43.810436
7.565901 43.791433
7.562926 43.806348
7.554091 43.805306
7.567196 43.799394
7.560866 43.803176
7.556931 43.812948
7.562948 43.795247
7.571569 43.807848
7.566207 43.800056
7.578318 43.796386
7.569694 43.798877
7.553727 43.807974
7.565505 43.805999
7.574355 43.791273
7.564535 43.799199
7.573154 43.788020
7.576066 43.819096
7.554401 43.811451
7.559478 43.812651
7.566975 43.789816
7.564087 43.802198
7.554984 43.808900
7.562140 43.803888
7.554660 43.809239
7.559238 43.812258
7.561726 43.805076
7.559537 43.805431
7.566624 43.801710
7.564436 43.806866
7.558028 43.807701
7.560913 43.810495
7.560325 43.794611
7.559601 43.799306
7.562735 43.796394
7.555654 43.809968
7.560054 43.800427
7.561978 43.797710
7.552679 43.804308
7.552927 43.804123
7.559749 43.805492
7.563211 43.808306
7.558937 43.803366
7.565321 43.805396
7.561305 43.809025
7.550219 43.803847
7.554491 43.808329
7.554656 43.805989
7.559288 43.803741
7.562911 43.810172
7.556182 43.807392
7.563441 43.803838
7.559076 43.810835
7.565222 43.803659
7.567728 43.802456
7.553424 43.810342
7.559901 43.806328
7.566084 43.803196
7.572772 43.805421
7.558771 43.807669
7.561177 43.807256
7.561341 43.801787
7.566168 43.801969
7.566373 43.788494
7.563461 43.809575
7.552446 43.805781
7.577491 43.803240
7.554823 43.802861
7.559837 43.800626
7.567447 43.802344
7.557177 43.810069
7.564549 43.800805
7.564668 43.799237
7.567807 43.801683
7.561454 43.796704
7.559180 43.822877
7.565422 43.798704
7.553394 43.804664
7.556015 43.811285
7.556486 43.807431
7.562429 43.802811
7.560487 43.811534
7.556614 43.798672
7.558168 43.802028
7.558561 43.807545
7.557646 43.794741
7.555611 43.811422
7.552911 43.808424
7.560469 43.810162
7.556038 43.810231
7.556667 43.791723
7.555296 43.799329
7.562153 43.796349
7.562955 43.806830
7.552831 43.800969
7.555005 43.791052
7.558914 43.797355
7.556819 43.800240
7.566503 43.799305
7.567107 43.799932
7.557598 43.801069
7.561944 43.795198
7.558771 43.789407
7.553899 43.810393
7.557265 43.807592
7.564698 43.801928
7.639486 43.784436
7.564223 43.798150
7.560809 43.796162
7.554240 43.810168
7.558394 43.814480
7.553815 43.807093
7.558701 43.802214
7.559138 43.804467
7.569803 43.794192
7.563289 43.807649
7.566717 43.799185
7.561438 43.805454
7.560130 43.801210
7.552632 43.817938
7.558849 43.810659
7.555015 43.799804
7.564048 43.799556
7.561183 43.804617
7.559141 43.798167
7.562888 43.804355
7.554331 43.805506
7.563329 43.795090
7.562125 43.796522
7.565024 43.817466
7.560800 43.809636
7.558284 43.810088
7.560655 43.837593
7.564992 43.802925
7.572807 43.798442
7.569678 43.805560
7.555279 43.801953
7.564577 43.806601
7.555713 43.804251
7.571691 43.808368
7.567478 43.798057
7.561721 43.795214
7.558322 43.794217
7.565845 43.801967
7.555713 43.803510
7.557463 43.812924
7.571401 43.811334
7.557027 43.803885
7.567069 43.800859
7.562062 43.795797
7.557319 43.811552
7.564111 43.799831
7.565361 43.824220
7.575796 43.797840
7.557334 43.794060
7.555743 43.790975
7.552024 43.795546
7.562541 43.795747
7.555761 43.799927
7.553323 43.808430
7.555200 43.802464
7.554593 43.808583
7.562927 43.822074
7.561950 43.799114
7.562452 43.801171
7.562989 43.829821
7.563585 43.805698
7.557375 43.802732
7.557974 43.791358
7.554229 43.809420
7.565255 43.798061
7.560313 43.803213
7.560076 43.810196
7.565787 43.800577
7.555993 43.805851
7.559410 43.811410
7.560445 43.795599
7.562646 43.802239
7.558150 43.798367
7.566150 43.797177
7.559675 43.821733
7.556552 43.801774
7.553395 43.810315
7.574455 43.793729
7.564479 43.805339
7.558566 43.786694
7.561327 43.800364
7.562254 43.805812
7.566887 43.801255
7.560455 43.798772
7.562982 43.790199
7.563843 43.796695
7.567958 43.799242
7.553186 43.806779
7.557658 43.808061
7.561987 43.797073
7.559732 43.813219
7.568664 43.787675
7.567658 43.798468
7.554981 43.801832
7.559823 43.808629
7.564535 43.804646
7.560327 43.819165
7.556231 43.822397
7.571460 43.803526
7.576146 43.791835
7.558912 43.801097
7.569608 43.816187
7.584956 43.793546
7.556226 43.812607
7.565470 43.806950
7.559166 43.804924
7.565011 43.795418
7.555784 43.812541
7.562725 43.800363
7.553861 43.806084
7.570146 43.805566
7.564226 43.795821
7.565644 43.795188
7.560277 43.802397
7.558259 43.805446
7.553698 43.808188
7.555236 43.806304
7.559451 43.824559
7.563506 43.823138
7.560291 43.807167
7.555181 43.804132
7.562516 43.804670
7.563147 43.818035
7.554080 43.803948
7.571668 43.786580
7.564496 43.799817
7.559881 43.836866
7.565296 43.801354
7.547946 43.810074
7.552956 43.802836
7.567840 43.793135
7.560576 43.805248
7.572695 43.789123
7.563484 43.824618
7.566839 43.783923
7.559039 43.790841
7.553987 43.802349
7.553326 43.803319
7.563568 43.788026
7.567143 43.798984
7.555517 43.812436
7.575243 43.802148
7.564058 43.798525
7.553026 43.821155
7.559041 43.807380
7.566340 43.799270
7.562515 43.795521
7.565807 43.805141
7.555812 43.808934
7.557300 43.812350
7.557981 43.793060
7.555259 43.810581
7.555620 43.815527
7.553658 43.796036
7.555876 43.801990
7.565688 43.795694
7.568941 43.790624
7.555645 43.812203
7.576802 43.790204
7.556816 43.806404
7.561794 43.814773
7.572829 43.791767
7.562904 43.810527
7.553384 43.805761
7.552528 43.807203
7.560217 43.795097
7.554480 43.800241
7.602819 43.776703
7.566840 43.818983
7.559619 43.803313
7.558154 43.813906
7.562447 43.807409
7.561980 43.795534
7.553535 43.809005
7.559362 43.798323
7.556775 43.804009
7.560022 43.800017
7.557759 43.806637
7.567512 43.804567
7.553311 43.819688
7.566555 43.802554
7.565521 43.800976
7.560632 43.811660
7.565753 43.808711
7.560771 43.818801
7.558254 43.798849
7.547192 43.808648
7.564515 43.806343
7.559989 43.810002
7.568241 43.806374
7.554867 43.808163
7.556017 43.812251
7.553722 43.808623
7.562912 43.804855
7.565482 43.795873
7.567530 43.804472
7.555251 43.804642
7.554240 43.802183
7.551051 43.810956
7.555207 43.806360
7.563689 43.808011
7.565053 43.797802
7.563372 43.823055
7.559244 43.808236
7.554112 43.818961
7.560668 43.813051
7.562440 43.800277
7.564625 43.806868
7.563008 43.801022
7.560400 43.813266
7.560242 43.812307
7.549007 43.786281
7.552464 43.806981
7.565240 43.805912
7.576853 43.801585
7.567408 43.789309
7.565200 43.801094
7.560340 43.811681
7.559558 43.812887
7.569460 43.818923
7.560741 43.799315
7.552470 43.807952
7.565722 43.825259
7.560665 43.790401
7.566724 43.803225
7.562607 43.804833
7.564667 43.808599
7.553927 43.795541
7.576422 43.799132
7.561105 43.811471
7.561598 43.811965
7.557998 43.812655
7.552879 43.804338
7.561267 43.805111
7.558767 43.803510
7.555476 43.811803
7.564389 43.797392
7.565268 43.821646
7.555353 43.798375
7.553510 43.803166
7.546832 43.787787
7.570978 43.821521
7.575947 43.801813
7.573187 43.791677
7.558167 43.798962
7.566544 43.796724
7.553924 43.799944
7.555665 43.801041
7.560480 43.809252
7.559425 43.799281
7.576589 43.793262
7.550360 43.814202
7.566878 43.796395
7.567280 43.797513
7.559952 43.809098
7.552379 43.815073
7.556907 43.808098
7.565994 43.806653
7.563827 43.839479
7.560119 43.801278
7.556806 43.797148
7.556625 43.796656
7.560143 43.787060
7.557544 43.822837
7.558200 43.812964
7.550276 43.805859
7.565563 43.802412
7.551972 43.795800
7.563913 43.811501
7.567957 43.799423
7.556372 43.799323
7.576895 43.790965
7.557654 43.799933
7.559459 43.797628
7.558279 43.790478
7.555173 43.805870
7.554175 43.809917
7.563173 43.810947
7.562292 43.811506
7.568764 43.781886
7.555686 43.811701
7.560741 43.823697
7.565261 43.800241
7.546949 43.813177
7.566919 43.796603
7.564699 43.815180
7.552791 43.803148
7.558280 43.812972
7.553986 43.809756
7.564252 43.799528
7.560941 43.797362
7.563409 43.798017
7.565900 43.807149
7.577636 43.797426
7.562711 43.795452
7.548101 43.811982
7.566209 43.800712
7.553493 43.796950
7.557613 43.803134
7.554017 43.805763
7.568226 43.817628
7.574505 43.816409
7.560986 43.811523
7.554679 43.808942
7.547271 43.788935
7.561386 43.803577
7.562057 43.823714
7.558268 43.809093
7.557732 43.796797
7.553167 43.811209
7.555108 43.808674
7.565062 43.776109
7.562792 43.810576
7.567495 43.803440
7.552441 43.810786
7.561437 43.800955
7.558973 43.802467
7.553233 43.811799
7.559654 43.807073
7.558608 43.802962
7.560823 43.811133
7.575117 43.782097
7.565456 43.803435
7.560917 43.813253
7.562273 43.805417
7.562067 43.805875
7.552747 43.804944
7.547998 43.804350
7.563244 43.795687
7.557088 43.800780
7.562649 43.810982
7.559137 43.800101
7.554856 43.811645
7.558421 43.788125
7.553147 43.806682
7.564191 43.795958
7.561518 43.795914
7.555826 43.811951
7.562301 43.807734
7.558960 43.804448
7.553576 43.810730
7.557693 43.807336
7.560990 43.796300
7.559611 43.807375
7.564924 43.806388
7.566896 43.796669
7.556635 43.800184
7.570500 43.799711
7.552704 43.803172
7.552579 43.812338
7.552750 43.811785
7.564970 43.788455
7.564430 43.796980
7.558509 43.806157
7.548715 43.809142
7.554594 43.803186
7.565439 43.805438
7.563567 43.810505
7.552828 43.804812
7.565727 43.800005
7.548430 43.812009
7.562162 43.801033
7.566569 43.804137
7.567427 43.797224
7.557451 43.797870
7.553216 43.797016
7.558610 43.796216
7.562152 43.795640
7.558451 43.800935
7.573973 43.790676
7.561347 43.811162
7.558918 43.811464
7.590475 43.792001
7.553601 43.805218
7.569681 43.798432
7.571221 43.811398
7.566783 43.798507
7.553884 43.809798
7.563113 43.800223
7.562284 43.804393
7.565035 43.798212
7.577530 43.809999
7.565242 43.793518
7.548149 43.818389
7.563315 43.802947
7.554842 43.800182
7.562988 43.802513
7.556459 43.817434
7.558440 43.808296
7.566989 43.800129
7.559079 43.795883
7.555679 43.804648
7.567288 43.790814
7.559002 43.798295
7.574802 43.826284
7.565567 43.819643
7.559707 43.801851
7.556995 43.797139
7.563172 43.791966
7.565139 43.796911
7.562947 43.798250
7.558023 43.801764
7.557015 43.796507
7.562223 43.796720
7.575858 43.825832
7.555817 43.814091
7.561664 43.812852
7.562350 43.811753
7.558678 43.802672
7.566909 43.815580
7.558175 43.791919
7.568815 43.818600
7.564571 43.806921
7.560634 43.802347
7.546730 43.809025
7.556312 43.797930
7.590073 43.794601
7.567250 43.803510
7.554985 43.810519
7.564969 43.794902
7.559837 43.796613
7.554145 43.804045
7.557382 43.804520
7.565323 43.786585
7.567888 43.803866
7.561185 43.813015
7.553052 43.809902
7.555080 43.792688
7.556224 43.800843
7.562914 43.804506
7.567129 43.797693
7.556325 43.808973
7.556863 43.796560
7.565969 43.804799
7.560832 43.798609
7.561480 43.807901
7.563618 43.808860
7.556505 43.814016
7.564209 43.805218
7.566142 43.816068
7.565755 43.799849
7.554405 43.799921
7.557189 43.801636
7.567306 43.797073
7.566519 43.805942
7.557574 43.813535
7.562016 43.795141
7.548863 43.804617
7.547131 43.808153
7.561101 43.803853
7.556569 43.793914
7.555202 43.806701
7.558384 43.824959
7.565644 43.795401
7.566645 43.802842
7.558502 43.813761
7.560200 43.811549
7.558646 43.802258
7.559246 43.813333
7.561112 43.799891
7.558338 43.813807
7.554902 43.812622
7.558574 43.799743
7.559389 43.814390
7.557193 43.813584
7.548591 43.803615
7.563123 43.797738
7.559008 43.798606
7.559599 43.814504
7.559801 43.795475
7.571271 43.791745
7.565490 43.807100
7.555491 43.800027
7.562473 43.806518
7.555414 43.806212
7.553229 43.787020
7.561183 43.800043
7.562166 43.805362
7.558290 43.806940
7.567154 43.799011
7.566818 43.803703
7.599464 43.784767
7.557199 43.822484
7.557269 43.800413
7.564534 43.823221
7.569004 43.771713
7.558232 43.798843
7.571478 43.807763
7.561135 43.794519
7.562850 43.794042
7.556224 43.812608
7.560426 43.797484
7.552644 43.810622
7.554127 43.804818
7.563908 43.794964
7.553036 43.818204
7.561193 43.812124
7.560851 43.796117
7.563658 43.793724
7.551369 43.793367
7.557047 43.798631
7.560383 43.812330
7.563742 43.795860
7.561187 43.808029
7.553480 43.802031
7.563137 43.807685
7.553244 43.806988
7.559885 43.806957
7.575726 43.802136
7.557993 43.803327
7.555548 43.803770
7.551614 43.795478
7.561142 43.801800
7.561862 43.802429
7.566814 43.798848
7.576874 43.791441
7.548631 43.809438
7.555856 43.799193
7.560249 43.808902
7.557213 43.797168
7.555060 43.798348
7.557907 43.811403
7.562476 43.806488
7.556657 43.802140
7.576509 43.771885
7.564171 43.802261
7.562899 43.804735
7.553639 43.810680
7.554409 43.799106
7.563006 43.796028
7.562481 43.796800
7.552275 43.785914
7.569372 43.787868
7.563508 43.762916
7.559755 43.800813
7.553777 43.810704
7.566795 43.803595
7.563485 43.793710
7.555969 43.810870
7.557323 43.812332
7.556013 43.798065
7.550540 43.814653
7.561641 43.798798
7.556773 43.800399
7.565573 43.795505
7.566082 43.796098
7.567133 43.795598
7.555660 43.808749
7.555167 43.798409
7.569552 43.808645
7.555054 43.809168
7.566034 43.804606
7.562066 43.789150
7.566772 43.784192
7.565709 43.808133
7.565189 43.797014
7.555462 43.800141
7.561165 43.806890
7.576869 43.792704
7.568646 43.785749
7.564436 43.796972
7.554623 43.802655
7.556556 43.807701
7.559985 43.800023
7.567059 43.795859
7.569185 43.785164
7.549244 43.812576
7.557275 43.813830
7.557022 43.804583
7.558983 43.813712
7.567989 43.824643
7.551830 43.824667
7.556130 43.798582
7.553452 43.810773
7.564074 43.804903
7.564088 43.789334
7.570070 43.819111
7.547859 43.813363
7.553369 43.811263
7.567344 43.796207
7.560912 43.823953
7.565487 43.810051
7.560014 43.804899
7.568271 43.800303
7.560212 43.802895
7.549527 43.806200
7.564005 43.794930
7.557595 43.798184
7.574780 43.798538
7.561934 43.813207
7.557229 43.792380
7.559562 43.795711
7.566394 43.798085
7.565473 43.794646
7.567656 43.796679
7.560796 43.803826
7.559367 43.802369
7.557337 43.799683
7.559526 43.803774
7.564981 43.809190
7.547003 43.821475
7.564304 43.794900
7.558731 43.813840
7.554473 43.811700
7.560120 43.796598
7.575366 43.788517
7.566226 43.784655
7.555022 43.798080
7.553062 43.809167
7.561451 43.798800
7.566700 43.805580
7.565388 43.794491
7.554811 43.806047
7.565683 43.799346
7.555279 43.798347
7.552739 43.800690
7.561315 43.796773
7.558349 43.810463
7.575132 43.794948
7.562706 43.806449
7.553952 43.800667
7.558293 43.813693
7.563407 43.798499
7.552927 43.810195
7.556318 43.812442
7.565547 43.785106
7.558021 43.800509
7.559030 43.813020
7.558116 43.804474
7.567276 43.805838
7.564256 43.794441
7.553281 43.806738
7.564400 43.825298
7.553043 43.802007
7.551671 43.796067
7.567941 43.795992
7.567180 43.794207
7.555896 43.809702
7.564255 43.783955
7.551695 43.819277
7.556440 43.812354
7.555733 43.820521
7.571224 43.803470
7.564086 43.801465
7.565864 43.801742
7.556851 43.813819
7.566387 43.799527
7.565899 43.808907
7.557680 43.804588
7.566446 43.785035
7.569014 43.788132
7.562825 43.783813
7.561283 43.809821
7.554749 43.806695
7.557526 43.813872
7.556887 43.798024
7.565939 43.810269
7.551730 43.810246
7.575367 43.791631
7.561220 43.812969
7.556595 43.812630
7.560756 43.802079
7.563126 43.804415
7.563010 43.794558
7.554794 43.801724
7.563397 43.803112
7.559462 43.800796
7.554719 43.799034
7.554520 43.798054
7.561322 43.809627
7.552121 43.793526
7.563574 43.811585
7.550844 43.795574
7.560864 43.794118
7.549789 43.811707
7.555031 43.806322
7.567397 43.785304
7.563304 43.806106
7.553759 43.800867
7.563857 43.785389
7.558493 43.806181
7.565328 43.798782
7.565145 43.807273
7.555219 43.800691
7.564077 43.786053
7.568736 43.796730
7.567973 43.820134
7.558288 43.795626
7.559211 43.807259
7.570206 43.793077
7.553192 43.804727
7.564577 43.803696
7.571854 43.809109
7.562573 43.794060
7.564420 43.794262
7.588997 43.786348
7.554808 43.811914
7.560359 43.794759
7.558200 43.801971
7.561627 43.828255
7.573289 43.796665
7.555014 43.808345
7.565533 43.780478
7.562293 43.798279
7.559323 43.801739
7.561611 43.800640
7.560693 43.806444
7.558115 43.798727
7.557059 43.816351
7.554781 43.812258
7.564674 43.794271
7.556107 43.806691
7.565999 43.785621
7.561619 43.794184
7.557390 43.804199
7.547039 43.800732
7.559375 43.797685
7.574345 43.788664
7.553444 43.822610
7.554884 43.799169
7.563961 43.812916
7.558965 43.808488
7.555884 43.814452
7.555573 43.798771
7.555417 43.814541
7.559870 43.807933
7.558936 43.805588
7.552628 43.807486
7.549493 43.787020
7.555968 43.813491
7.567590 43.795959
7.562427 43.793940
7.550690 43.815978
7.558277 43.797963
7.563265 43.813061
7.563394 43.797771
7.569573 43.800268
7.561704 43.810279
7.562014 43.810565
7.566877 43.805698
7.562481 43.799491
7.561256 43.814179
7.563407 43.811377
7.566520 43.798778
7.561087 43.796754
7.563206 43.789221
7.567110 43.798751
7.564116 43.793697
7.558290 43.803841
7.566385 43.792642
7.560378 43.809404
7.565272 43.801234
7.574531 43.804405
7.561814 43.796293
7.554391 43.798960
7.568860 43.800098
7.558075 43.813523
7.555776 43.799368
7.548670 43.803095
7.556830 43.796718
7.568867 43.799934
7.550371 43.809403
7.562061 43.805160
7.566328 43.822632
7.571447 43.783942
7.561464 43.810717
7.559611 43.828112
7.554679 43.803790
7.555250 43.813190
7.561995 43.794715
7.561871 43.813707
7.575517 43.794546
7.551840 43.796854
7.566675 43.795702
7.572245 43.788504
7.569570 43.798072
7.567919 43.800692
7.567384 43.796654
7.573618 43.784833
7.561210 43.799437
7.566119 43.817325
7.554894 43.811405
7.568169 43.797972
7.557241 43.811359
7.554421 43.794515
7.581012 43.808636
7.552899 43.793123
7.575042 43.798277
7.590854 43.787077
7.555111 43.804418
7.569482 43.801738
7.553293 43.802311
7.558384 43.800316
7.559307 43.803059
7.577388 43.790837
7.564120 43.801827
7.555610 43.805869
7.555891 43.823343
7.578475 43.802373
7.566093 43.801181
7.555469 43.787718
7.558575 43.795808
7.574880 43.788670
7.556175 43.802922
7.556549 43.807867
7.568055 43.799156
7.567828 43.807094
7.566768 43.805256
7.565737 43.808212
7.567866 43.798510
7.563545 43.795484
7.555532 43.806802
7.588142 43.795790
7.560178 43.822672
7.562009 43.811230
7.567311 43.803431
7.566493 43.783998
7.567180 43.795485
7.554703 43.821474
7.562846 43.791407
7.565081 43.797047
7.557740 43.807579
7.565328 43.794807
7.564849 43.799910
7.567139 43.820235
7.549697 43.811660
7.559148 43.813584
7.552901 43.804632
7.555700 43.800651
7.559958 43.800854
7.578575 43.750449
7.557477 43.812402
7.575293 43.803829
7.549182 43.813028
7.566107 43.803922
7.561804 43.796225
7.572892 43.814497
7.557293 43.805622
7.566270 43.790350
7.563430 43.793748
7.562905 43.809757
7.560756 43.798102
7.561118 43.812422
7.580199 43.816644
7.568269 43.797940
7.549062 43.806431
7.557534 43.800620
7.547955 43.805386
7.556443 43.799018
7.563266 43.785641
7.564638 43.801353
7.554898 43.800905
7.555777 43.814173
7.576131 43.791413
7.559379 43.803173
7.562125 43.801756
7.568849 43.800849
7.559051 43.802093
7.565303 43.794270
7.561144 43.794400
7.568121 43.814267
7.564978 43.798891
7.565378 43.793921
7.568732 43.822683
7.548936 43.812090
7.572849 43.820978
7.562428 43.796780
7.554499 43.812391
7.561221 43.807667
7.564401 43.801329
7.574212 43.797912
7.563326 43.799536
7.555072 43.804959
7.567776 43.802193
7.562605 43.800784
7.557784 43.811171
7.554172 43.795167
7.555369 43.799804
7.566603 43.799901
7.564650 43.808703
7.566095 43.799706
7.563382 43.806651
7.555883 43.813536
7.561800 43.810737
7.565956 43.806573
7.561039 43.793945
7.563885 43.794355
7.550229 43.812617
7.560139 43.811542
7.556172 43.805701
7.560375 43.800811
7.568515 43.801515
7.550858 43.815376
7.552501 43.811022
7.552729 43.802223
7.568209 43.797308
7.559578 43.801322
7.567286 43.792892
7.553773 43.805659
7.573363 43.804521
7.556439 43.805279
7.548666 43.807017
7.557101 43.813514
7.547022 43.810163
7.566592 43.796870
7.563451 43.795310
7.563903 43.797783
7.561680 43.798363
7.556139 43.804317
7.556907 43.802354
7.563839 43.803104
7.547134 43.807531
7.554213 43.808262
7.551495 43.795297
7.564414 43.809981
7.564636 43.804428
7.555986 43.803347
7.547813 43.808962
7.552056 43.818050
7.563326 43.837986
7.558033 43.802494
7.565463 43.809161
7.571064 43.789972
7.559343 43.797895
7.549840 43.803048
7.555773 43.798064
7.557693 43.796345
7.563011 43.784477
7.564947 43.804630
7.559256 43.812547
7.556550 43.796053
7.563418 43.810811
7.591792 43.783880
7.562525 43.797642
7.575369 43.790084
7.550094 43.809323
7.565510 43.794975
7.565601 43.808055
7.571366 43.794828
7.563878 43.794538
7.550904 43.807641
7.557485 43.796284
7.569365 43.799874
7.570716 43.814743
7.555547 43.798747
7.551360 43.806569
7.560899 43.813223
7.557875 43.796331
7.555240 43.817023
7.567805 43.816219
7.555927 43.813728
7.556086 43.811747
7.560092 43.808466
7.565855 43.810543
7.555043 43.800955
7.567609 43.809446
7.556984 43.795411
7.568363 43.797126
7.551565 43.808021
7.576134 43.794674
7.546700 43.801423
7.560829 43.792444
7.551985 43.807372
7.556835 43.800763
7.564278 43.807964
7.560588 43.805376
7.562707 43.806598
7.554978 43.802392
7.556237 43.813686
7.559017 43.793314
7.559095 43.809391
7.637073 43.759623
7.563224 43.794433
7.560575 43.794533
7.554437 43.805190
7.564036 43.808722
7.568263 43.787199
7.560267 43.811808
7.562266 43.798748
7.566271 43.802395
7.556858 43.799178
7.562268 43.809201
7.560774 43.814650
7.561124 43.813706
7.569341 43.822511
7.563917 43.799593
7.554627 43.798898
7.554054 43.812646
7.569179 43.800587
7.552027 43.796958
7.556976 43.813383
7.565527 43.811294
7.569672 43.797029
7.554532 43.812790
7.557848 43.795047
7.568562 43.804391
7.576540 43.793682
7.559794 43.812239
7.558353 43.806634
7.565870 43.807730
7.549318 43.809912
7.555710 43.803458
7.557028 43.810717
7.556260 43.825082
7.559361 43.794001
7.572262 43.799486
7.561299 43.822155
7.565226 43.793971
7.561913 43.800941
7.558507 43.793738
7.565367 43.802407
7.561350 43.812269
7.550733 43.806764
7.547742 43.804223
7.555448 43.813498
7.554630 43.802611
7.562718 43.811472
7.559339 43.794226
7.550813 43.816528
7.559873 43.793632
7.581432 43.794034
7.555809 43.807464
7.558154 43.816584
7.561748 43.814087
7.570675 43.794346
7.565190 43.806390
7.579105 43.794027
7.546806 43.810364
7.557681 43.795623
7.579906 43.790059
7.566861 43.785969
7.562327 43.798639
7.560673 43.799093
7.574934 43.805609
7.553758 43.801829
7.562066 43.811162
7.558473 43.815273
7.550841 43.805355
7.561206 43.795835
7.557214 43.808144
7.567063 43.808718
7.552693 43.805459
7.555873 43.803702
7.549970 43.801882
7.565598 43.809504
7.551322 43.808659
7.571282 43.810356
7.568821 43.799358
7.557105 43.837807
7.551435 43.805933
7.564236 43.807285
7.559373 43.798344
7.564759 43.801399
7.554980 43.809536
7.563466 43.793427
7.556626 43.805677
7.551607 43.815305
7.553087 43.815415
7.563633 43.827574
7.582249 43.783478
7.565262 43.794790
7.546994 43.805495
7.564003 43.789314
7.571894 43.785396
7.555194 43.803219
7.561760 43.796661
7.551635 43.794110
7.555222 43.813833
7.553642 43.800210
7.561338 43.803329
7.551382 43.808722
7.553382 43.800241
7.550307 43.810636
7.566039 43.794316
7.574973 43.801306
7.562002 43.814319
7.563096 43.821275
7.558964 43.826321
7.557051 43.800654
7.562893 43.807276
7.555780 43.797726
7.555149 43.808857
7.559513 43.793953
7.560416 43.810912
7.556202 43.796712
7.555695 43.810112
7.551329 43.805997
7.558439 43.796071
7.568189 43.797909
7.566011 43.802282
7.561156 43.807613
7.563720 43.793670
7.559954 43.796580
7.551948 43.809831
7.558989 43.802060
7.561432 43.798448
7.562522 43.799541
7.557641 43.808601
7.556235 43.796839
7.552358 43.809888
7.565118 43.807094
7.562590 43.792440
7.555454 43.805717
7.576412 43.796169
7.555444 43.813658
7.551180 43.809224
7.558494 43.808464
7.554564 43.798050
7.557907 43.794964
7.561271 43.809985
7.560586 43.810889
7.565495 43.796410
7.558333 43.798089
7.551374 43.809497
7.554839 43.796712
7.550633 43.806274
7.563940 43.812368
7.571716 43.794130
7.569175 43.796667
7.555674 43.799537
7.555550 43.801577
7.563797 43.810094
7.554832 43.804917
7.560175 43.801914
7.561629 43.814476
7.564000 43.796052
7.552548 43.799581
7.574851 43.786255
7.563952 43.792948
7.555184 43.804442
7.556366 43.807250
7.560647 43.787848
7.554950 43.811405
7.547714 43.805401
7.571854 43.806378
7.549634 43.801654
7.552614 43.812696
7.591897 43.762406
7.560272 43.814739
7.562772 43.794393
7.560161 43.814005
7.558819 43.804671
7.553907 43.800272
7.550912 43.806101
7.562223 43.795268
7.563042 43.812816
7.555686 43.804938
7.567464 43.802321
7.568249 43.795463
7.566525 43.794587
7.556631 43.798365
7.568149 43.798966
7.554351 43.818394
7.564303 43.792735
7.568065 43.796550
7.567584 43.793704
7.569237 43.815004
7.561807 43.801353
7.557029 43.815707
7.560285 43.804770
7.575515 43.793518
7.565163 43.798924
7.552404 43.804898
7.562760 43.811677
7.552036 43.809354
7.564997 43.793345
7.568279 43.801020
7.568782 43.804823
7.557417 43.807558
7.570917 43.810160
7.562444 43.805719
7.576098 43.799285
7.556906 43.795094
7.555327 43.797713
7.557279 43.808751
7.563819 43.793891
7.572527 43.799383
7.551854 43.791040
7.557273 43.800137
7.577472 43.787937
7.559513 43.807546
7.554640 43.805280
7.576135 43.785127
7.575862 43.792664
7.560444 43.797610
7.574067 43.805285
7.547784 43.781031
7.552105 43.808484
7.566431 43.794005
7.581262 43.799289
7.567571 43.799730
7.547665 43.811432
7.560893 43.808214
7.565248 43.799405
7.568426 43.800083
7.577868 43.791075
7.554524 43.790491
7.566975 43.823285
7.555552 43.796895
7.556432 43.814774
7.557727 43.796329
7.561014 43.808015
7.561545 43.800421
7.569741 43.797007
7.555357 43.800191
7.547401 43.801527
7.555221 43.800975
7.555232 43.808860
7.561167 43.816069
7.559433 43.803061
7.550051 43.817425
7.548121 43.784742
7.574043 43.787997
7.552444 43.793521
7.569864 43.799041
7.589452 43.793896
7.562334 43.775832
7.560355 43.792451
7.550905 43.806258
7.565918 43.795231
7.557821 43.804449
7.564158 43.794652
7.558806 43.795947
7.560578 43.798755
7.561867 43.793054
7.555071 43.825550
7.558258 43.802815
7.555690 43.799842
7.559077 43.815519
7.552359 43.809495
7.564082 43.811594
7.558134 43.802152
7.556305 43.812127
7.558044 43.809785
7.550914 43.810221
7.567702 43.795545
7.556449 43.816849
7.558620 43.814882
7.560778 43.792247
7.564256 43.793341
7.560744 43.804619
7.561378 43.815796
7.553497 43.806649
7.569090 43.821830
7.569713 43.804531
7.552045 43.804125
7.552467 43.804242
7.559827 43.808367
7.563966 43.784094
7.564922 43.792902
7.572652 43.832768
7.565281 43.807661
7.581527 43.792816
7.569207 43.784002
7.562499 43.794695
7.561847 43.810860
7.551587 43.793992
7.547936 43.801123
7.551334 43.804215
7.557686 43.804121
7.558771 43.806883
7.569422 43.800611
7.569278 43.800951
7.564704 43.802362
7.555745 43.797581
7.566338 43.792205
7.589147 43.798741
7.564773 43.829753
7.569249 43.793979
7.560812 43.800033
7.562429 43.801612
7.558316 43.813154
7.567984 43.794790
7.561588 43.812654
7.565975 43.793051
7.569245 43.794316
7.553288 43.801700
7.551260 43.806793
7.576759 43.798625
7.565212 43.779784
7.557397 43.796982
7.550931 43.804217
7.555876 43.791300
7.576727 43.785541
7.564023 43.810801
7.553159 43.803042
7.547338 43.809131
7.562463 43.795642
7.560804 43.792607
7.551883 43.817515
7.560165 43.784351
7.551489 43.803734
7.569261 43.802097
7.555079 43.800971
7.556320 43.813982
7.556006 43.797011
7.569524 43.803203
7.560685 43.793209
7.554327 43.814636
7.564612 43.812487
7.560053 43.778712
7.565568 43.808549
7.562620 43.799267
7.569241 43.786789
7.552326 43.808857
7.567770 43.792439
7.552803 43.802225
7.569079 43.794373
7.561768 43.793015
7.551054 43.811745
7.568583 43.798334
7.549294 43.801392
7.565802 43.795310
7.556895 43.801421
7.565924 43.794474
7.564531 43.815624
7.567247 43.804239
7.555513 43.786769
7.553385 43.812589
7.551278 43.797143
7.575799 43.828012
7.572928 43.807777
7.559193 43.795777
7.568297 43.817678
7.565489 43.797569
7.560509 43.804193
7.550865 43.807836
7.558071 43.792596
7.568336 43.802485
7.560909 43.802799
7.568677 43.800187
7.569467 43.800543
7.558986 43.815664
7.551712 43.802646
7.564724 43.810569
7.559088 43.795867
7.553334 43.814434
7.554552 43.808081
7.554672 43.798203
7.553795 43.803734
7.553515 43.818912
7.567107 43.786451
7.547843 43.802041
7.546997 43.806135
7.556337 43.813507
7.551267 43.808258
7.552628 43.793676
7.593733 43.796170
7.573344 43.815603
7.557416 43.786712
7.565574 43.773535
7.555937 43.798307
7.551106 43.804849
7.565665 43.802708
7.550354 43.817305
7.554853 43.810340
7.562021 43.814919
7.563662 43.806002
7.561169 43.812384
7.566465 43.798091
7.560512 43.813152
7.552205 43.809160
7.562455 43.814850
7.560811 43.798993
7.553712 43.803157
7.560683 43.802520
7.577256 43.808462
7.564663 43.800285
7.559357 43.806738
7.559602 43.816607
7.555148 43.811239
7.555193 43.802273
7.570465 43.798129
7.552069 43.793103
7.551287 43.805337
7.551644 43.811331
7.585130 43.785781
7.549739 43.803396
7.558309 43.801955
7.564558 43.798332
7.551571 43.804438
7.571031 43.797992
7.557186 43.810497
7.566153 43.793276
7.571410 43.799066
7.566598 43.810233
7.566638 43.792762
7.567661 43.798891
7.559733 43.798463
7.554628 43.815906
7.569187 43.805175
7.566766 43.825757
7.556518 43.815262
7.561765 43.813755
7.568326 43.803833
7.562000 43.785799
7.557081 43.820833
7.549397 43.812646
7.563041 43.812723
7.566943 43.805530
7.556389 43.816529
7.563162 43.786969
7.563465 43.802544
7.560427 43.792471
7.569264 43.798239
7.566242 43.794722
7.565139 43.811526
7.552632 43.810711
7.561920 43.802362
7.564744 43.797224
7.596614 43.763706
7.556733 43.794955
7.574356 43.834147
7.549181 43.809059
7.560751 43.803051
7.560305 43.805577
7.559043 43.814741
7.549871 43.805008
7.553495 43.821081
7.568688 43.805395
7.581322 43.793293
7.553489 43.813520
7.555593 43.797771
7.564528 43.798484
7.568398 43.796490
7.552680 43.803637
7.565907 43.796354
7.568836 43.815189
7.570473 43.801904
7.548653 43.799430
7.552097 43.802941
7.562010 43.794814
7.560651 43.813520
7.579957 43.800222
7.551915 43.802918
7.567474 43.808100
7.552391 43.791734
7.565887 43.773985
7.565185 43.811053
7.567464 43.796530
7.559159 43.795340
7.560830 43.821532
7.552424 43.802942
7.563173 43.803124
7.568487 43.821061
7.565380 43.808945
7.565941 43.791680
7.557536 43.817181
7.555850 43.810764
7.549524 43.799690
7.569875 43.806989
7.555192 43.820942
7.571383 43.795373
7.564331 43.807034
7.570478 43.801474
7.553840 43.797839
7.547289 43.802147
7.568853 43.792740
7.569772 43.800933
7.551025 43.791594
7.557152 43.789151
7.571824 43.816813
7.544194 43.806659
7.580313 43.788413
7.556449 43.813324
7.560053 43.809857
7.551553 43.803419
7.565778 43.800133
7.562025 43.817266
7.558140 43.802123
7.563340 43.792813
7.559429 43.792472
7.559295 43.793048
7.570331 43.796056
7.568816 43.802115
7.560926 43.796304
7.549911 43.798687
7.557067 43.794683
7.555865 43.815738
7.550501 43.805893
7.553834 43.798438
7.576325 43.799504
7.549551 43.800655
7.555618 43.812886
7.559924 43.806063
7.550702 43.810354
7.562130 43.803298
7.569565 43.801248
7.558530 43.795630
7.558282 43.817468
7.564516 43.792055
7.552070 43.806921
7.554827 43.795543
7.564158 43.813998
7.566164 43.801827
7.620727 43.792122
7.557750 43.816670
7.574531 43.824313
7.540000 43.807107
7.548182 43.803278
7.579778 43.800100
7.571564 43.785200
7.567970 43.810192
7.558388 43.825050
7.556537 43.819611
7.564779 43.793227
7.556687 43.828286
7.560596 43.804987
7.551589 43.808953
7.556250 43.795355
7.568767 43.808186
7.563623 43.791593
7.552096 43.811772
7.571085 43.803282
7.570578 43.816953
7.556080 43.806588
7.560464 43.793179
7.559027 43.816898
7.569042 43.796783
7.558960 43.803857
7.557663 43.796663
7.550937 43.804137
7.541801 43.808431
7.551624 43.809984
7.561490 43.811871
7.562830 43.810911
7.555112 43.814451
7.546606 43.801393
7.562963 43.799488
7.559312 43.806820
7.550660 43.808536
7.565676 43.790821
7.554418 43.791875
7.556082 43.795805
7.556714 43.794234
7.554324 43.789909
7.579292 43.799257
7.563832 43.796894
7.562785 43.791394
7.565536 43.811624
7.568335 43.795167
7.561626 43.821776
7.555776 43.792131
7.551142 43.802328
7.566901 43.803645
7.556765 43.800781
7.548411 43.816682
7.553917 43.813441
7.565802 43.814123
7.552073 43.812273
7.576962 43.815166
7.571599 43.798972
7.557851 43.795014
7.565182 43.813501
7.561451 43.798214
7.562337 43.793258
7.570321 43.782201
7.551553 43.805861
7.566911 43.783094
7.580327 43.784645
7.547222 43.825147
7.552394 43.805742
7.558374 43.796625
7.551271 43.808972
7.553954 43.798155
7.564272 43.793414
7.567604 43.811343
7.560561 43.794301
7.559868 43.796099
7.541713 43.807059
7.560433 43.806035
7.564054 43.791277
7.559665 43.809641
7.558861 43.814376
7.555573 43.795303
7.576179 43.807949
7.561598 43.798044
7.560455 43.800967
7.570299 43.788660
7.558297 43.817004
7.571690 43.781670
7.555447 43.816142
7.563399 43.798914
7.549367 43.798495
7.553427 43.806194
7.554291 43.802076
7.548166 43.816060
7.560754 43.790947
7.565949 43.808198
7.569155 43.809429
7.563821 43.805661
7.563335 43.804132
7.564911 43.811753
7.557909 43.815373
7.573493 43.809648
7.591265 43.781789
7.555287 43.788740
7.570785 43.781038
7.566499 43.805330
7.563290 43.792797
7.569159 43.813915
7.566493 43.795636
7.550929 43.802421
7.560428 43.791321
7.557631 43.828324
7.549239 43.815390
7.565618 43.798360
7.560852 43.791098
7.563188 43.798608
7.551878 43.801257
7.580383 43.789266
7.552418 43.797890
7.551892 43.811714
7.606184 43.788092
7.558224 43.787468
7.550552 43.800671
7.552366 43.807275
7.548402 43.815651
7.551936 43.804721
7.560926 43.794190
7.551746 43.804068
7.566067 43.801626
7.553620 43.814211
7.562199 43.814390
7.564369 43.805324
7.554943 43.815304
7.566715 43.819843
7.580996 43.791981
7.566608 43.803977
7.549344 43.807605
7.566819 43.797012
7.573587 43.790327
7.538636 43.802712
7.580846 43.777496
7.550590 43.803376
7.566548 43.785961
7.554687 43.811267
7.565174 43.814168
7.568492 43.807233
7.568728 43.810410
7.552261 43.809664
7.564154 43.793558
7.580382 43.774188
7.566862 43.795607
7.554171 43.818578
7.559025 43.793142
7.575784 43.818782
7.568060 43.815246
7.561120 43.815100
7.562820 43.800345
7.555565 43.824668
7.592728 43.775914
7.561346 43.801215
7.577440 43.804868
7.552155 43.800918
7.573764 43.798831
7.558753 43.813384
7.550974 43.803363
7.588712 43.801315
7.552786 43.809294
7.566435 43.794279
7.558879 43.816913
7.552381 43.801456
7.574125 43.809069
7.561105 43.796029
7.571873 43.796239
7.568244 43.830318
7.557701 43.810743
7.554719 43.802488
7.562678 43.811929
7.570473 43.785305
7.551550 43.811921
7.569674 43.809117
7.547121 43.800082
7.565906 43.814162
7.557722 43.815934
7.574253 43.788037
7.552691 43.791880
7.547798 43.805451
7.557745 43.830345
7.558020 43.810916
7.556341 43.820536
7.555864 43.793631
7.568650 43.822982
7.564464 43.799751
7.550939 43.800930
7.555814 43.794615
7.561525 43.826523
7.567624 43.826500
7.555190 43.790845
7.561331 43.816439
7.565238 43.789884
7.555152 43.800560
7.556400 43.793546
7.557086 43.816779
7.547184 43.809013
7.566793 43.808905
7.568030 43.793671
7.557379 43.817071
7.572041 43.801685
7.552913 43.797650
7.551250 43.800889
7.547668 43.815734
7.554851 43.796285
7.568328 43.804231
7.566269 43.795596
7.561940 43.811409
7.565808 43.806145
7.553278 43.817915
7.549167 43.797453
7.550444 43.807399
7.557083 43.788432
7.554406 43.830350
7.569946 43.821778
7.547296 43.799165
7.551753 43.799991
7.573183 43.800826
7.551262 43.799470
7.569302 43.796123
7.551709 43.803696
7.548613 43.796320
7.549834 43.807446
7.560868 43.790409
7.548580 43.801152
7.547730 43.795884
7.587263 43.805807
7.568175 43.816701
7.550247 43.806469
7.568833 43.795042
7.550295 43.807668
7.565053 43.789384
7.544052 43.812540
7.561952 43.828265
7.565168 43.812120
7.603041 43.785602
7.572126 43.811260
7.571513 43.816802
7.554399 43.816451
7.573626 43.827881
7.577123 43.782356
7.548690 43.808268
7.558976 43.827887
7.548293 43.795555
7.568266 43.781057
7.596632 43.793663
7.576575 43.802234
7.566217 43.802425
7.550427 43.806143
7.549504 43.805297
7.561542 43.804670
7.558276 43.827037
7.572149 43.823035
7.571369 43.790876
7.547258 43.813896
7.572358 43.803397
7.549505 43.803231
7.549457 43.805715
7.567950 43.803142
7.569682 43.805561
7.553035 43.795243
7.548751 43.810357
7.553332 43.795479
7.549033 43.809750
7.572375 43.814468
7.566894 43.775500
7.549292 43.808411
7.559196 43.816759
7.533613 43.761118
7.572879 43.796990
7.549054 43.819160
7.572307 43.796186
7.570534 43.805373
7.560875 43.787522
7.545963 43.804615
7.556954 43.826130
7.571570 43.835977
7.578581 43.796625
7.548956 43.814938
7.572891 43.786095
7.556020 43.827863
7.551769 43.799814
7.547057 43.786584
7.558574 43.789996
7.577295 43.780437
7.548813 43.827914
7.580539 43.807392
7.552012 43.803128
7.573970 43.779012
7.569581 43.801622
7.555265 43.795383
7.554600 43.784500
7.551998 43.798727
7.551074 43.807074
7.568519 43.781054
7.548657 43.804741
7.570002 43.779082
7.551145 43.824772
7.552513 43.795455
7.572792 43.802348
7.550212 43.795360
7.550569 43.798626
7.579283 43.784182
7.557414 43.784637
7.572680 43.797917
7.662491 43.758618
7.570773 43.780157
7.551246 43.798570
7.577195 43.778221
7.584553 43.796879
7.583800 43.817538
7.546825 43.795898
7.577902 43.799809
7.588390 43.808072
7.550807 43.807407
7.564706 43.813146
7.577525 43.778170
7.548878 43.796542
7.555430 43.786481
7.569434 43.808950
7.548383 43.794785
7.572192 43.825553
7.572846 43.775335
7.568812 43.811496
7.569570 43.802202
7.565515 43.811524
7.578721 43.785796
7.555641 43.784410
7.569499 43.795159
7.544335 43.808525
7.568854 43.806265
7.544327 43.823792
7.581324 43.824649
7.551151 43.796468
7.575141 43.758300
7.570900 43.772553
7.554469 43.774923
7.564478 43.807470
7.603899 43.796015
7.539426 43.795465
7.552001 43.795318
7.575861 43.780436
7.591171 43.773759
7.550629 43.800753
7.572955 43.804261
7.546913 43.810176
7.547081 43.809466
7.546965 43.811679
7.572706 43.805846
7.545880 43.812899
7.547237 43.805539
7.547263 43.805443
