5.049645 4.799095
4.709332 6.719869
4.870018 5.001646
4.864151 5.191344
4.531043 6.316713
4.396793 6.513907
4.844228 4.254193
5.085896 6.295119
5.203521 6.338247
4.414611 5.675331
4.694017 4.897311
4.859159 4.761080
4.547593 5.063165
4.582432 5.074965
4.220326 5.918676
5.149482 4.850336
5.069947 3.917007
4.450459 6.729002
4.592736 6.784011
5.053332 6.965417
5.050293 6.978149
5.354819 5.841063
5.548141 5.898161
4.758944 6.638256
5.246245 6.896087
5.058982 6.886433
4.467194 3.837613
4.894779 3.999039
7.498238 2.631979
7.185295 2.558631
4.944537 6.967525
3.907465 5.546998
4.571474 5.250107
4.387789 3.767876
4.492512 3.937181
5.103925 4.517634
4.545369 6.205769
4.819655 4.811910
4.818252 4.887894
4.741636 4.728994
4.473766 6.998771
6.001112 4.549441
6.174495 4.455183
5.247901 5.527407
5.308515 5.514067
4.398651 6.307539
4.537927 4.403988
5.299506 5.416536
5.296764 5.322099
4.831996 7.263232
4.846509 7.357990
5.575533 4.865568
5.457188 4.903165
5.376063 4.887857
5.614427 4.762005
5.273370 6.692151
4.674030 6.088026
4.591646 6.170256
4.961308 4.721962
4.795162 4.932940
4.573145 4.970434
4.712966 4.444385
4.147444 6.109835
4.105141 6.178991
4.891449 7.297760
4.862747 5.337744
4.715158 5.598469
6.711551 3.415657
7.471160 2.712747
4.952373 3.854043
4.739396 5.360126
4.695857 5.217324
5.258776 5.209547
5.187381 5.044174
5.854877 6.383836
5.732115 6.564111
4.222138 6.282277
4.725225 5.427179
4.100525 5.644798
4.346460 5.812145
4.239889 6.244190
4.175131 6.014511
5.299977 6.923466
5.001582 6.918671
4.851207 7.976741
4.992171 5.960258
5.205729 6.659126
5.028275 6.828387
4.377862 8.304214
5.449039 5.147901
5.215744 4.883404
5.017607 4.730418
4.546056 5.243130
4.515285 5.249496
4.194648 5.811233
4.063154 5.888721
4.816379 4.038013
4.534676 4.222441
5.323283 6.381121
4.643525 5.384160
4.626297 5.543963
5.606137 4.845267
5.072405 6.911459
4.773221 7.211386
4.753284 7.487288
5.397428 4.910064
4.713418 5.992857
4.796543 5.941454
4.787607 5.754713
4.770892 5.845083
5.408659 8.648426
5.824290 8.718282
5.600072 5.531901
5.350461 5.512098
4.094808 6.734183
4.278563 6.692577
5.265789 5.806898
3.787020 7.059645
3.884122 7.302685
5.902107 4.146001
5.505577 5.983250
5.328707 6.181907
4.219319 6.538598
4.352255 6.543004
4.636572 5.143505
3.957796 5.571952
4.224015 5.612944
4.621390 8.087101
4.902161 8.072985
4.877969 7.220541
4.445409 7.017630
4.534133 6.966432
5.649361 5.881539
4.450025 5.990104
5.573616 6.366521
5.406467 6.466743
5.589178 6.010586
5.597798 6.208180
4.767594 4.853593
4.533773 5.648428
4.683038 5.761752
4.604795 5.480648
4.445635 5.607353
5.099541 6.839450
4.543528 6.885772
4.917099 7.001371
4.911358 5.136125
5.360051 6.428390
4.487821 7.448929
4.382405 7.291433
5.301813 4.169562
4.449931 7.298183
4.545841 7.473405
4.381412 7.424032
5.402294 5.541294
4.571480 6.799531
4.257197 6.409812
5.669660 4.402278
5.706404 4.558956
4.725326 4.774547
4.670441 7.040983
4.936504 5.641103
4.805061 6.425447
4.945168 6.475451
5.299621 6.527501
4.230717 5.771859
4.079040 6.052360
4.118603 6.151211
5.314957 4.567733
5.605641 4.330464
4.678421 6.850017
5.566941 5.756265
5.549702 5.668458
4.596893 6.142425
5.051358 4.738897
5.042911 4.871192
4.354218 6.713515
4.483748 7.348878
4.452278 6.278708
4.677638 7.200335
5.358459 4.735767
5.399796 4.875945
4.745114 6.525311
4.925164 6.489853
4.732984 6.944033
4.901553 7.127437
5.571831 5.094096
4.320606 7.000620
4.264231 7.142843
4.499980 6.876187
4.736974 7.121902
4.332420 5.503146
5.443426 4.982577
5.578271 5.186847
5.446986 5.001021
4.084073 7.085312
4.416745 5.725530
5.001778 5.167119
5.029456 5.357706
4.089472 6.070773
4.238357 6.019526
4.406967 5.283628
5.039204 6.072279
4.674850 6.004010
4.517028 6.108221
5.099814 4.658143
4.359517 7.041750
4.183437 7.009266
4.751974 7.200349
5.390187 4.507749
5.893494 4.445627
5.282966 4.861083
5.169009 4.754686
4.324495 5.895898
4.324644 5.699806
4.389699 4.336606
5.115913 4.632682
5.190076 6.907136
4.942010 4.844344
4.896320 7.196935
4.760118 7.432041
3.908993 5.400262
4.261142 5.951072
5.356987 6.463438
4.588017 5.086258
4.485384 3.868372
4.821756 6.862731
4.990229 5.320418
4.940571 5.421073
4.077001 6.862530
4.317168 7.187145
4.532799 6.259949
4.659297 6.399781
4.319963 6.504331
4.184239 6.269224
4.621585 7.190073
5.149230 6.474647
4.469389 6.156145
4.886325 5.051772
4.379606 5.406836
5.526073 6.331683
5.594590 6.447306
5.433236 2.855193
5.616319 5.771947
6.024104 6.462461
4.161665 7.009632
4.122406 7.129893
4.394217 5.805296
5.361612 5.541035
5.390565 5.526987
4.464116 7.350507
4.575627 7.343855
4.550895 5.641315
5.081426 6.897510
5.077446 5.352555
5.108957 5.446882
6.689002 4.891946
6.326059 4.706657
4.128612 5.705865
4.845700 4.911249
5.168756 5.878086
4.866693 7.271743
4.715364 7.430530
4.332888 6.199608
4.327209 5.517400
4.155323 5.368242
5.317903 5.137064
5.156093 5.051701
5.034389 5.022004
4.567170 6.083354
5.316188 4.843221
6.227236 4.058679
6.647131 4.428313
5.431732 5.898499
4.856496 5.818902
4.848882 6.008375
4.749200 4.924305
4.455866 5.635641
4.409471 6.280921
4.970704 5.148203
4.727395 5.238270
5.156305 5.156967
4.980094 7.565729
6.301034 4.762117
4.616620 5.138189
5.435051 5.320037
4.795916 6.938559
5.935314 5.097040
5.104371 8.294355
4.822418 8.702849
4.610092 6.185243
4.245041 6.389423
4.562479 7.186027
4.917017 5.607361
4.097454 7.169257
4.621261 8.510300
5.218139 6.093204
4.284117 6.074915
5.391753 4.892474
5.306078 5.000432
4.498818 6.596035
4.586951 6.585787
4.218413 6.906120
4.483195 7.497552
4.600510 5.734474
5.908574 4.252914
5.350986 6.140620
4.974094 6.529001
5.363259 5.191772
4.390773 6.508644
4.310903 5.701595
4.179538 5.694204
5.304416 5.872044
5.292204 5.675724
6.285248 4.649588
5.335135 4.729353
4.839495 6.687388
5.285340 4.898130
5.219823 7.053330
4.105188 6.796865
5.083548 5.364950
5.001127 4.917898
4.364588 6.432568
4.560436 6.127907
4.662605 4.603594
5.068838 7.146846
4.417883 6.319818
4.680888 6.371896
5.560841 5.946141
5.372034 6.099505
4.688007 4.064036
5.303589 7.974190
5.467722 7.582051
4.152452 5.878290
4.516362 6.147852
4.538198 5.182560
4.644971 5.975020
4.600610 5.988903
4.435435 5.900609
4.630189 5.429711
5.426759 5.218068
4.112467 7.068032
4.571486 6.422655
4.853577 5.599647
4.393597 6.208364
4.655089 6.016101
5.435612 4.772284
5.564606 4.398555
5.504351 5.414652
4.800755 4.889232
4.679336 5.577586
4.491060 6.236322
4.994240 6.547661
4.967905 6.931532
4.590797 6.192694
4.378945 6.125300
4.616820 7.222567
5.487618 6.425384
4.268864 6.424167
4.214896 6.803614
5.608724 6.376266
5.528251 4.174459
5.031453 6.749587
5.465340 5.274431
4.858798 5.538011
4.317006 6.840446
3.824310 7.932972
5.593959 7.745158
5.475364 7.966380
4.520673 5.694216
6.507757 5.308865
6.853549 5.394993
5.569639 4.926900
4.446199 6.283218
4.751135 7.491972
5.446241 5.783651
5.519176 5.627354
5.214710 6.602695
4.364631 6.242305
4.785100 7.275472
4.162974 6.906796
4.214049 7.563837
4.658947 6.896540
4.653066 5.236890
4.608028 5.439437
4.737481 3.899224
5.142602 5.643445
4.701288 6.705626
5.884959 5.485386
5.135108 6.187708
4.736695 6.133512
5.277991 4.773225
4.476904 5.919647
4.454729 6.027337
4.087325 6.388319
6.442764 5.521422
8.515829 4.575621
4.400702 6.318983
5.600182 4.142350
5.323672 5.891395
5.296523 5.197464
4.818555 4.735199
3.863403 9.291267
6.456677 5.234038
5.229022 4.595110
4.889766 5.837707
4.725850 7.123033
5.319494 6.101361
5.686682 5.091264
5.262058 9.050472
4.438185 7.347093
5.268694 5.213583
6.628187 3.617450
5.841175 5.439058
4.672867 6.712352
4.318912 6.605296
5.914155 5.382313
5.140943 4.611082
5.081234 6.013626
4.072013 5.630653
5.027622 7.157667
4.896922 5.190576
5.687891 5.016064
5.793149 5.026392
5.377712 5.224291
5.061214 5.464827
4.637349 6.345239
4.549376 5.771622
4.912641 6.136988
5.620451 4.936224
4.392107 5.489131
5.084328 4.985308
4.386671 6.963224
5.149344 6.356860
4.892678 5.720673
4.716307 5.021947
3.757465 6.984651
4.709657 5.351434
5.215439 5.981762
5.397731 4.880878
5.124911 7.431570
3.981775 7.931951
5.228938 4.380108
5.234106 6.345667
4.168734 6.021642
4.604451 6.755308
4.201716 6.360786
4.895022 4.979044
4.665938 5.719218
5.516710 6.294536
5.221331 7.265411
6.366891 4.860123
5.155313 5.366490
4.414319 5.896376
5.826849 5.016057
5.585263 5.544795
4.124482 5.790328
5.231675 7.366438
4.590679 5.704667
5.459985 5.411582
4.345835 7.140823
5.726089 4.955676
5.026588 4.558775
4.833858 6.583977
4.686194 5.853242
4.829388 8.076491
4.150607 5.976165
4.588913 5.767710
4.773720 6.503127
5.006575 6.079748
4.448902 6.364600
6.662492 5.241760
4.640566 5.641510
4.834121 5.621119
4.483266 6.676372
4.260365 6.973008
5.270720 7.169921
4.222497 6.081061
4.101242 6.722389
4.811006 5.854543
5.931978 5.529732
5.567308 7.152325
4.149064 5.418813
4.060915 3.325246
4.860991 7.402098
5.140673 7.461570
4.608805 6.330412
4.819790 3.871418
5.741296 5.299864
6.419483 5.368959
6.379240 4.750550
5.193416 7.455208
4.610506 6.552043
4.112518 5.509720
4.472073 6.057495
5.572948 6.771540
4.561943 2.529003
5.917914 5.490151
4.649911 6.354709
5.760186 5.010804
4.529165 5.611860
4.918356 4.770668
4.489286 6.346398
4.104307 5.588078
5.174330 4.836804
4.212027 6.543843
5.412863 6.622548
4.668783 5.761229
4.430765 6.408304
4.762706 3.726344
4.522401 5.149079
4.242198 4.371762
4.541810 6.424609
5.567626 5.738150
6.238450 6.424968
5.758011 7.372604
4.558764 9.137100
4.657782 5.693442
4.615272 5.166564
5.456003 4.987083
4.877110 5.143651
4.146962 6.028055
4.345054 5.591244
4.801553 6.451533
4.422224 7.450924
3.879011 2.878026
4.698886 6.076620
5.584799 4.870639
4.776887 6.077264
4.338951 6.555163
4.746665 5.939099
5.167274 4.685411
5.030691 6.647014
4.816456 6.058594
4.826570 5.983092
5.872124 5.054997
5.706930 5.470174
5.583882 6.031105
4.210048 5.873615
4.494293 7.555485
4.823302 5.943498
5.635444 7.341931
5.472876 5.116019
5.202938 7.495558
4.368137 5.464650
4.759352 5.995171
4.651472 6.632560
5.065054 7.434751
4.747938 5.538755
4.739485 5.992729
5.285604 5.203616
5.050679 4.438472
4.535491 6.979939
5.099638 5.934841
4.303489 6.646193
5.794895 5.898410
4.835361 5.944399
5.424701 6.170062
4.867382 7.170307
4.982940 7.227184
4.838470 6.142410
4.832880 6.040286
4.743330 6.123173
4.815214 6.130034
5.371647 5.049060
4.784428 5.688098
4.757944 6.188339
4.191518 6.449717
4.650379 4.783752
4.712713 6.246582
4.764144 5.947198
4.731265 6.910729
4.583267 5.499182
5.608181 6.817424
5.130984 5.935409
4.749239 6.127454
5.790161 4.366573
5.635221 5.785293
4.482563 7.305352
4.753170 6.001345
4.725339 6.118158
6.448286 4.244142
4.999718 7.159934
5.039305 9.009525
5.521883 6.423587
4.735683 6.243495
4.164848 5.938212
4.929623 9.246902
5.422459 4.600894
5.323519 5.488938
4.697528 6.205564
4.330952 5.993545
4.894541 5.138813
4.751359 6.045867
5.601610 4.636168
4.730281 5.972811
5.348087 4.646338
4.704736 6.143276
5.225656 7.121768
4.731052 5.783352
5.412436 6.786138
4.459316 5.835872
4.720570 5.797767
4.827706 5.915684
5.799055 5.133881
4.798107 6.241907
4.551117 5.486793
4.782798 6.199156
5.070759 6.650051
4.699876 6.078463
4.458184 6.529268
4.632716 6.168387
4.776430 5.789593
4.558825 6.170379
4.877955 7.566473
4.715031 5.919024
5.570569 4.535367
4.791085 6.085579
4.495413 6.247780
4.127258 6.315870
4.939291 4.847959
4.993707 7.645730
5.535749 4.454237
5.670923 5.839127
8.382139 4.476702
4.230010 6.965689
4.542109 6.158671
4.816749 6.173649
4.628386 6.211282
5.872579 5.366459
5.932616 4.609886
4.113790 5.324910
4.151264 6.576696
5.086227 4.489672
4.843551 6.214437
4.791408 5.848349
6.300228 4.054000
5.171206 7.368055
4.815315 5.847667
4.619116 6.132360
4.622428 6.201636
4.953475 5.050690
4.687013 6.740591
5.429681 5.540067
4.701131 6.021349
5.124233 4.771840
4.837214 9.316753
4.570593 6.237135
4.543621 6.157488
4.789545 6.042831
4.560745 6.012034
4.707248 5.784574
4.631722 5.996062
6.576197 3.943678
4.720587 6.247482
4.772653 5.933210
4.692943 6.246222
4.603384 6.023180
4.594755 5.975478
5.087317 4.933565
5.510015 4.422710
4.809008 6.123451
5.177699 7.447277
4.268113 6.089442
3.957492 7.598578
5.372283 4.944818
4.978115 5.578405
4.748964 7.556058
4.257699 6.676232
4.976425 5.735495
5.795820 4.915476
4.613735 6.090216
4.641772 6.086823
4.187817 5.467250
5.759237 5.036608
5.551240 4.566556
4.830164 3.158247
5.635193 4.978282
4.914753 7.551373
4.547686 6.093764
4.691393 6.604825
4.544623 6.202113
5.135839 5.012487
4.812217 5.923969
4.961123 7.246870
4.793381 5.882566
5.187177 5.587708
4.552382 6.019505
4.644834 6.075926
4.168143 6.505771
4.659078 5.603037
5.900971 4.912386
4.819246 6.039331
6.327532 4.790154
4.834968 6.168621
6.550190 5.525501
5.216198 6.546351
4.729085 6.089758
4.778154 6.132001
5.409935 6.694507
4.616038 6.147233
4.726697 5.868114
4.657171 6.003586
5.827489 5.553930
4.548639 6.072641
5.012754 6.097724
4.964861 5.598040
4.568629 6.109065
4.775352 5.864337
5.905520 5.852355
4.149239 3.065312
4.842819 5.868305
5.370328 5.712079
5.658390 4.957872
4.529278 3.942832
5.732618 7.402221
5.153291 4.489806
5.896039 4.781965
4.588708 5.179400
4.561841 5.950569
5.605382 6.703394
4.111931 6.113869
6.348223 4.510203
4.263751 5.766357
4.653387 6.189723
4.791483 6.205942
4.787144 6.657033
4.840861 6.025087
4.111665 6.766417
4.502849 7.283238
4.786888 5.804925
3.929271 5.125075
4.878536 7.789129
5.404863 4.462255
5.909941 5.178363
4.875969 5.976164
4.535453 6.187568
5.287752 4.646420
4.735049 6.171834
6.163198 3.948036
4.894717 5.990802
4.698827 5.846364
4.858168 6.077688
4.680562 6.230407
4.698809 5.985744
4.316785 6.439390
4.601044 6.068548
4.553514 6.398643
4.943753 6.080290
4.563269 6.489687
4.279979 7.109631
4.918380 7.717453
4.888167 5.839476
4.884075 5.962391
4.154750 5.679994
5.460290 4.871242
4.925847 5.918690
4.606849 4.720320
4.593729 6.339275
4.890536 5.842848
5.178493 4.440143
4.600718 6.044405
5.134077 6.118313
4.818141 6.271218
4.592546 6.261882
4.762202 6.404818
4.361667 5.394477
4.632361 6.176641
6.077809 6.090089
4.925205 5.937312
5.692184 4.785458
4.979288 6.043610
4.410674 4.749455
3.854904 7.434604
4.764058 6.289022
4.673519 6.395317
4.752157 5.808475
4.569312 6.351635
5.490130 5.748662
4.287078 4.467524
4.486205 6.646420
4.878520 5.961622
4.787220 6.352309
4.132639 5.496299
4.857469 6.076541
4.671912 5.382194
5.824499 4.909300
4.741250 6.146650
4.164165 6.915245
5.817988 5.462179
4.630469 6.220022
4.886197 5.906506
4.748567 5.870452
4.728763 6.269413
4.780667 6.030229
4.586354 6.072450
4.962011 5.912770
4.870190 5.955667
4.671167 6.273103
4.676087 6.328036
5.848085 5.376147
4.953049 5.785898
4.618336 4.771170
4.707683 6.263844
4.505507 4.884323
4.729845 6.249439
5.410823 4.534612
6.452569 4.306528
10.051058 2.871891
4.951860 5.858348
4.154927 6.227337
4.124300 4.708282
4.948876 6.005792
4.894677 6.068528
4.770480 5.946262
5.479486 5.111957
4.594927 6.158509
4.620784 6.401206
4.945645 5.930099
4.977424 5.218678
4.827304 6.352880
4.784766 5.784976
4.941823 5.519613
4.950548 5.877420
5.708606 5.854288
4.206652 6.397605
5.102807 7.052703
4.942886 7.627004
4.771202 6.291559
4.767118 5.832324
4.661586 6.209693
4.376178 5.974679
4.739490 6.146831
5.225525 5.214123
5.474565 4.656672
4.968506 5.833827
4.499412 7.980992
4.278089 5.855865
4.904353 5.946829
4.596585 6.299329
4.566455 6.323647
4.592185 6.019886
5.069178 6.304610
4.816641 6.265288
5.714972 5.818202
5.390895 5.520417
5.756900 6.899374
4.231711 6.622489
5.591712 5.954689
5.170112 4.903660
5.227812 4.486691
5.388253 6.363194
5.645257 4.733897
4.929813 5.826202
5.302394 6.733016
4.824824 6.315170
5.912797 4.722113
5.589611 5.393932
4.896192 6.013554
5.385439 6.658397
5.209069 7.251524
4.996429 5.883716
4.632705 3.695831
4.668107 6.157411
4.629494 5.408864
4.428854 7.168210
4.691439 5.865416
4.518832 5.101845
4.677867 5.182454
4.854084 5.830171
4.063327 6.007606
4.657942 6.256938
4.100191 4.851422
4.556799 5.950925
4.636334 4.710960
4.594628 6.310553
4.776217 6.003483
4.726524 6.385391
4.283733 5.323547
4.735788 5.854784
4.869200 5.040348
4.928912 5.937704
5.605445 4.883596
4.544869 6.235304
4.071991 6.160576
4.720518 6.238360
4.643952 6.019548
5.351552 4.411394
4.913851 5.893919
4.993629 6.036404
4.536938 5.854342
4.791905 5.764639
4.864346 5.784432
4.524412 6.433690
4.774704 5.628905
4.521134 9.366291
4.528674 6.979053
5.206452 3.660609
4.789248 5.652264
4.937058 6.175975
4.581201 5.817121
4.908092 7.572706
4.777837 5.632673
7.172041 2.781708
5.833435 5.262080
4.851893 6.161736
4.576950 5.920070
4.826576 5.687304
4.814415 6.078475
4.631036 6.255414
4.649384 5.933958
5.154020 4.402319
4.838376 5.686418
4.963176 6.248818
4.912692 6.200528
4.618470 6.180011
4.584835 5.800807
4.548653 6.697570
4.627362 6.299248
4.823966 5.764977
4.837076 6.548491
5.095421 4.892608
4.810937 6.368307
4.434637 6.590067
4.644776 6.004825
3.778726 3.027154
4.786526 6.301272
4.415953 7.362377
4.835496 6.213593
4.969182 5.859996
4.646977 5.896623
4.760515 5.882153
4.856204 6.040427
5.610947 8.873220
4.812221 5.737146
4.982298 6.121538
4.904766 6.014422
4.967747 6.103281
4.773259 5.881092
4.782184 5.754692
4.855897 6.169725
4.965668 5.922113
4.594890 6.054519
4.128292 5.960802
4.472363 5.352844
5.500504 4.383859
4.911546 5.654552
4.912673 5.629345
4.293381 5.782164
4.666697 5.807715
4.831051 6.115681
4.583320 6.266160
4.770876 5.694103
5.734807 4.825233
5.004978 4.416681
4.913279 6.200239
4.622363 5.787685
4.932122 5.639832
4.721590 6.306231
4.960514 6.187695
4.597486 6.296376
5.006562 5.628215
4.117613 6.873171
5.691442 5.689621
8.529431 4.356050
4.104731 6.390995
5.635609 5.322807
4.996862 5.895913
5.542565 5.449520
4.201881 5.499649
4.902007 5.676537
4.682967 6.248860
4.842607 6.064075
4.896481 4.749408
4.965456 5.714632
4.959169 5.960392
4.936377 5.746161
4.637682 5.875400
3.820651 4.768992
4.970088 5.602903
4.756277 4.420437
4.562275 5.835328
5.060812 7.463049
4.944994 5.685588
4.902910 5.960812
6.009784 3.622585
4.785218 5.819418
4.758514 5.832530
4.331225 5.641116
5.424443 4.791571
4.939983 5.791172
6.385475 5.532070
4.907656 6.240490
4.642365 4.699046
4.233550 6.390713
4.584927 4.833694
4.691630 4.529167
4.655667 5.252634
4.914581 5.708724
4.655151 6.316733
4.936710 5.773653
4.655965 6.045005
4.937221 6.200949
4.933316 5.970915
4.839438 7.305361
4.699372 6.206954
4.550288 6.232587
4.962453 7.262156
5.520073 6.154423
4.354024 6.262071
4.750923 6.351573
4.707243 5.726342
5.351192 5.350657
4.643723 6.270387
4.590364 6.779346
4.628398 5.838657
4.876330 5.887536
4.099053 6.420547
6.447598 3.766093
4.238867 6.047626
6.048294 6.425166
4.681837 5.203086
4.869698 4.652415
4.927363 5.958750
4.080101 6.360598
5.031840 3.484781
4.999242 5.770598
4.815835 6.092884
4.667823 5.475162
4.778064 5.697477
4.616607 6.028038
4.667025 6.229785
4.962901 6.157678
4.184224 6.381621
4.765668 5.761124
4.845420 5.740069
4.582231 7.029595
4.972796 5.886911
5.205592 3.478756
4.784132 5.959659
4.539168 5.922109
4.906415 6.071215
4.615126 8.592537
4.298533 5.965244
5.145249 4.703162
4.502711 6.013885
4.651722 5.935761
5.638618 3.599496
4.116859 6.505960
4.578097 6.263851
5.299703 9.222891
4.871785 5.832211
4.212543 7.133726
4.742681 6.319870
5.041526 3.349698
4.302894 5.642681
4.683761 6.028963
4.815834 4.379200
4.129876 6.235482
4.842006 5.816407
5.027980 4.792924
4.898040 5.712288
3.987252 4.481174
4.971526 5.430367
5.687662 4.868021
4.967204 5.806549
5.238750 4.589639
5.224692 5.594698
4.534048 4.907769
4.849658 6.196830
4.830893 5.634046
4.624916 6.368205
4.922101 5.681624
4.513168 5.790550
4.631307 6.248310
4.156312 6.100821
6.347775 4.034629
4.831748 5.667106
4.062682 6.616625
4.963195 6.061316
4.758429 6.235344
4.394278 6.713851
4.822503 6.372705
4.560398 5.834682
4.576651 6.432735
4.791739 6.170335
5.523516 4.683589
4.576285 5.855338
4.556143 5.926616
4.652755 6.006896
4.592649 6.719483
4.784822 6.943431
4.666139 6.202557
4.674918 6.542231
5.428017 6.343326
5.303704 7.229900
4.301625 6.001074
5.201443 7.115931
4.897517 5.745131
4.574262 6.465066
4.814291 4.937928
5.004600 6.317580
4.879891 5.657939
4.706348 5.680342
4.760302 8.071059
4.948022 6.170877
4.665921 6.546841
5.402177 6.725310
4.109715 6.068315
4.544030 5.497308
4.996190 6.092665
4.703781 6.004924
5.608232 5.276971
5.896287 3.195812
4.939908 4.608202
4.093832 7.676924
5.423616 4.513252
4.817941 5.652297
4.623784 6.430456
4.714982 6.040126
4.869007 5.883308
4.649601 5.996396
4.575990 6.391774
4.319152 5.614860
4.629983 5.905548
5.799765 5.714724
5.865853 5.568214
4.562104 5.844199
5.207699 6.185621
4.734365 5.805551
4.717813 4.797245
4.953321 5.829431
4.889102 6.003138
4.542263 6.470353
4.918849 5.667015
4.863477 5.436662
5.151457 6.532521
4.988837 6.167881
4.552619 6.142656
4.848991 6.856907
4.526564 6.295668
4.068702 5.461074
4.508311 4.894287
5.404973 6.386130
4.676829 6.523971
4.788064 5.681581
4.929817 5.728921
4.852179 6.192108
4.760381 6.431802
4.589140 6.232921
4.604710 7.538928
4.805768 4.685054
5.160849 6.973224
4.780455 6.543501
4.716924 6.146958
4.784664 5.737140
4.382645 7.810153
4.656872 6.544268
4.729304 6.523015
6.423426 4.969829
4.709221 6.521729
4.862308 4.526475
4.278384 5.841624
4.675445 6.826460
5.825616 5.429046
4.599908 6.428328
4.778551 6.397541
4.476652 5.052483
5.536057 4.696210
4.460853 7.694107
5.232011 5.255547
4.627600 5.903841
4.934194 5.911409
4.751757 6.553874
4.152972 7.046906
4.683584 4.855455
4.930009 5.670603
4.544206 5.783863
4.585188 6.556037
4.019366 6.437851
4.901189 5.040985
4.658816 5.447839
4.725985 6.459533
5.262064 4.893899
4.872078 6.533477
5.720342 4.922768
5.312243 4.638859
4.714320 5.885220
4.202749 5.594921
4.139696 6.655342
5.082726 6.799474
4.525618 7.683136
4.459410 5.441272
4.664689 6.304255
4.713796 6.029912
4.987990 6.387719
4.985620 6.360003
4.700909 5.955172
4.713850 6.412913
4.710757 5.780033
5.903121 5.682820
4.984688 6.100452
4.976136 5.640415
4.809467 5.648551
4.730150 4.424651
5.333998 4.175200
4.278107 6.294840
4.696391 5.821354
5.555594 6.607998
4.199728 5.780346
4.569029 5.793380
4.788116 6.442412
4.788351 6.545451
4.270734 6.077769
4.861155 5.649609
5.104924 5.831601
5.050422 5.915252
4.961552 6.311878
4.543455 6.337350
5.031140 5.833611
4.703635 6.295500
4.536572 5.782135
4.946416 6.270053
5.688048 5.937547
5.018258 3.602544
5.100808 5.819760
4.770848 6.126768
4.633063 4.903965
5.305417 6.852654
4.570532 5.584692
5.784437 4.813286
5.042046 4.574993
5.043718 5.803790
5.434750 4.671719
4.947290 6.405222
4.754453 5.789762
4.670949 7.537181
5.473256 7.047885
5.215986 4.731570
5.636503 5.962932
4.377968 5.550435
6.111706 4.426469
4.962022 7.808427
5.406703 6.678580
4.928571 6.281691
4.812717 6.493968
4.809292 6.207212
4.467546 6.110833
4.821151 7.264524
4.562520 6.557023
4.189592 7.188427
5.137644 6.895033
4.815964 5.922484
5.742757 4.353696
4.397124 5.413871
4.877999 6.084560
4.930144 6.358819
4.327964 5.497406
5.152758 5.796030
5.775033 5.202585
4.361128 7.233692
4.606719 6.524776
4.096174 7.338089
4.643195 6.280043
4.679742 5.416179
4.682452 6.033853
4.577090 5.988158
5.314607 5.302730
4.593268 7.081267
4.836996 4.560890
5.433576 5.832240
5.206523 5.018759
5.118834 5.925315
4.651124 3.655707
4.754338 5.948698
4.912965 5.627075
4.462699 5.415503
5.921013 6.246925
4.133205 5.797367
4.529317 6.118523
4.458672 6.183198
4.477691 6.215751
4.612161 5.831237
4.864441 5.524362
4.715190 6.435620
4.960893 5.536117
4.061434 4.478324
4.898729 6.271044
4.419784 6.131169
4.483051 6.206828
4.678685 6.234032
7.872619 4.553468
4.557909 6.287099
4.933100 5.604853
4.823351 6.431135
4.875617 5.608002
4.826046 6.056365
5.029842 5.639610
4.759216 5.476159
4.077561 7.317609
4.247629 4.978635
4.713083 5.928760
5.124343 5.668554
4.864223 5.826892
4.610745 7.617218
4.476101 6.239221
4.470253 6.240047
5.091671 5.763665
5.008766 6.044666
4.844976 5.523597
4.779634 6.321393
5.090047 6.061258
4.644244 6.468524
4.227564 7.079590
4.630765 5.678027
5.099545 6.043505
5.530768 8.282566
5.002473 5.763550
4.591814 6.429274
4.820416 6.433708
5.003345 5.716129
5.066667 5.972823
5.324677 6.243679
4.580335 5.743438
4.973678 5.550878
4.391038 6.143667
5.071865 4.443904
4.789219 5.642580
5.107754 6.044505
4.936339 5.542862
4.377174 6.753278
4.445813 4.766613
4.140831 6.829973
4.512559 6.377904
4.666312 5.656922
4.865972 5.577882
4.530131 6.272744
5.074416 5.654567
4.665234 5.303404
4.575554 5.632161
4.969404 6.065265
5.836036 4.730794
5.149683 5.696898
4.596241 5.553303
4.567733 7.647030
4.453892 6.266689
5.293673 5.977651
4.930267 5.683074
4.354708 7.407897
4.776416 5.906067
4.514650 6.359312
4.503396 4.762940
4.383328 6.104230
4.461339 6.140585
5.001664 5.962823
4.546000 5.688692
4.411255 6.375895
4.601487 8.794795
4.685654 5.636638
5.284623 7.778917
4.825702 4.886136
4.948955 6.279929
5.221424 7.271699
5.264547 7.709888
4.198379 7.229942
4.979866 4.543034
4.652110 5.927042
4.698223 6.175032
5.484579 4.752336
4.984957 5.870201
4.154787 5.892438
4.834625 6.022073
5.127724 6.012720
5.089507 4.539513
4.578391 6.318468
4.594394 6.486476
4.530379 6.326761
4.695848 5.549690
4.851114 5.497853
4.708427 5.492302
4.589098 6.529219
4.217235 8.933578
5.851874 3.334436
4.598188 5.639597
5.533141 4.696753
4.496025 6.234243
4.729930 6.884930
4.834170 5.475066
4.750881 5.616596
5.609406 5.412755
4.919418 5.047713
5.066068 5.802405
5.048828 5.720498
4.829781 5.470687
4.790981 6.491036
4.767673 5.714498
4.795158 4.571506
4.897421 6.366203
5.143625 6.020792
4.590200 5.739266
4.132411 7.066561
4.654740 5.770733
5.107405 5.947822
4.209737 5.526364
4.655651 7.168766
5.061300 5.793806
4.360818 6.637525
4.961395 5.749253
4.770531 6.252378
5.050181 5.224655
4.875215 6.244977
4.700714 5.570424
4.730831 5.527090
4.369671 7.477315
4.626376 5.797454
4.449618 6.122001
4.876130 6.009656
5.708412 6.228714
4.726240 6.226058
4.773080 6.190885
4.671791 5.579412
4.492006 5.639026
4.708775 5.518533
4.184550 6.021208
4.683626 5.937595
4.317153 5.466052
4.546352 6.470070
4.560777 5.711554
4.764670 5.502889
5.046198 5.642691
4.584769 5.884779
4.871068 6.851031
7.221609 6.344333
5.934041 4.733067
4.198383 7.242347
5.519715 5.040737
5.243946 4.491020
4.538671 6.321683
5.373489 4.680774
4.818606 4.529428
5.026859 5.637162
4.412553 6.403119
4.466544 6.389894
4.432774 6.270951
5.577263 3.387519
4.971047 6.379434
4.411315 6.247292
5.141665 6.293811
4.821490 5.942207
4.541781 7.626257
4.840949 5.610847
3.775785 5.415771
5.515639 6.981175
4.803406 5.649224
5.419754 5.032309
6.675275 4.124840
5.078336 5.934454
4.451669 6.132617
5.040450 5.839121
4.766107 5.548851
5.290773 5.522707
5.598627 7.181709
4.568150 6.083903
4.771228 5.657209
4.680291 5.675912
5.087407 4.704926
4.538256 5.687189
6.431069 5.487110
5.128803 7.703301
5.106480 4.899971
4.466568 5.996724
4.702109 5.523276
4.218158 6.357923
4.526615 6.042000
4.537600 6.630265
4.923481 6.197777
5.141740 5.655959
4.895966 5.555481
4.576108 5.418926
5.049003 4.641989
5.567887 6.363241
4.793991 5.700846
4.621718 6.652463
4.402600 6.290934
4.200121 7.461808
4.880909 4.862507
4.445859 6.234651
5.363948 6.953925
5.012026 5.959975
4.425124 5.941318
4.906640 5.934555
4.973873 6.000151
4.741736 6.196130
5.889038 5.033861
4.744270 5.559200
4.628319 6.516200
5.963909 3.065969
4.695634 6.282344
4.714371 6.127313
4.291287 5.805389
4.956407 6.057078
4.809397 6.154069
4.754221 5.875732
4.606717 6.050386
4.613717 5.920556
5.509981 5.686183
4.233891 5.488934
4.472661 5.438385
5.009656 5.707185
5.120963 7.124180
4.380297 5.939365
4.472050 6.048841
4.811646 6.513644
5.293731 9.323377
4.517960 6.299135
4.705899 5.595937
5.056925 5.630072
4.504442 6.247852
4.972726 5.920970
4.927373 5.700976
5.794943 5.061482
4.206539 7.401442
5.330747 5.456820
4.901036 4.639269
4.485320 6.469781
4.910436 5.482651
5.249410 6.483226
4.364120 6.747730
4.637276 6.243813
4.738787 5.680593
5.140496 5.495817
4.722824 6.068285
5.040553 5.568604
4.713258 7.244439
4.910318 6.175395
5.839140 4.456982
3.935462 4.883964
5.085557 5.885869
5.076078 5.488495
4.686821 5.830306
5.134577 6.043128
5.840625 4.464504
5.105577 5.582810
4.512873 6.048842
4.483753 5.989833
4.867751 6.168836
4.620004 5.637900
4.581268 6.296688
4.793728 6.362319
5.129198 6.126610
5.037409 5.525015
4.512484 6.156127
5.868911 4.530666
4.858119 6.279160
5.689081 5.645375
4.438447 7.422334
4.719900 6.857739
5.069026 6.114158
5.051430 5.563662
6.839365 6.145174
4.835782 5.655752
4.641918 4.716775
6.178998 9.995895
4.834303 6.420580
5.353818 4.522955
5.135319 6.182279
7.433986 2.959022
5.480194 7.147257
4.425014 6.359886
5.179206 7.242857
4.244021 7.338855
4.411080 7.754992
5.056724 5.517094
4.240169 5.726919
5.113984 6.242139
5.181896 7.700556
5.528314 5.967202
4.582128 6.492668
4.427479 6.116069
5.461317 6.029948
4.387282 6.303972
4.600343 6.617954
4.407294 5.983946
4.944536 5.598086
4.802810 5.990209
4.452421 5.983895
4.557848 6.662510
5.100201 5.772208
4.623346 6.597624
4.868989 7.587367
5.570123 4.839221
4.484882 5.222643
4.784432 5.844982
4.613911 5.958790
4.575031 5.936418
4.559818 6.714566
6.216095 2.129770
4.239254 6.177198
5.027700 5.734264
4.689469 5.586629
3.833055 7.745741
6.374300 4.333529
5.114091 6.119348
4.576515 5.753909
5.045696 5.519603
4.848345 5.959450
5.592873 7.031449
4.647127 5.443901
5.930724 4.476366
4.781329 6.394145
4.275960 6.763418
5.068125 6.035032
4.675039 6.652683
4.961460 6.393791
5.605559 3.484134
5.469186 4.521739
5.081158 6.240034
5.820273 5.964316
4.390725 6.401125
4.777648 5.672827
4.675684 5.884274
4.398361 6.469384
4.467045 5.998673
4.865160 6.345328
5.065001 5.772911
4.593771 6.120759
4.904831 5.896285
5.415152 6.741670
4.079820 6.015805
4.530336 6.126248
4.936632 6.151190
4.552051 6.576740
4.748279 5.940349
5.066782 5.502128
4.141237 5.498695
4.609481 6.533760
4.820766 6.420555
4.544958 6.570335
4.873512 5.537790
4.145619 6.755660
5.581750 4.812875
5.070012 5.842662
5.301817 5.032356
4.923587 4.630857
4.889029 6.891080
5.241357 4.630598
4.915642 6.506259
4.912976 6.543681
5.309225 4.442430
4.128743 6.804794
4.527215 6.494110
5.890133 5.347479
5.022845 6.145319
5.569391 4.392609
5.832734 3.602365
4.109140 5.676701
5.150698 6.237875
5.055202 6.841541
4.622412 5.766937
5.410001 9.230097
4.765027 5.676526
5.095368 5.995359
4.119189 7.330503
4.697836 5.533409
4.414876 6.518967
5.059189 5.588654
4.583498 6.628049
4.613980 6.314976
4.743411 5.689574
4.774542 6.727971
4.812438 7.205197
4.412156 4.346357
4.453371 7.169733
4.697062 6.535259
4.904182 6.493337
4.885889 6.058305
4.934256 6.497769
5.481091 3.867877
4.717075 5.854230
4.572640 5.954988
4.286265 7.313190
4.458507 5.986035
4.401367 6.519097
4.391564 6.154149
5.929924 7.265462
3.430349 8.694667
4.898696 4.633297
4.936803 5.707724
4.735795 5.911374
4.833801 7.621289
5.229342 4.697928
4.911514 5.459705
4.464354 6.217439
5.017562 5.659369
4.855863 6.500591
5.896739 4.804838
6.173052 6.829872
4.701232 5.534520
5.105554 6.144799
4.574828 6.611957
4.965367 6.341477
4.759281 6.595043
4.845257 5.534832
4.601166 6.636001
4.797843 5.707998
4.834787 6.573714
4.421846 6.299021
4.400486 5.999090
4.900648 6.558292
4.769229 6.158111
4.744123 6.553699
4.766931 3.566684
4.840086 6.626751
4.797921 5.545891
4.553394 4.830597
5.428279 3.651057
4.916815 6.194991
5.641214 6.074692
5.075400 6.170831
5.316680 7.544453
4.637992 6.177983
5.100149 5.565960
4.414300 6.372671
5.112078 5.558510
5.051003 7.538740
4.399509 6.423898
5.338814 6.260573
4.916580 6.521141
4.847642 6.432448
4.821452 6.670220
4.908775 5.694773
4.906477 6.304428
4.243649 6.954515
4.538131 6.635169
5.774698 4.658858
4.542365 6.652077
3.756030 6.259328
4.593748 7.455646
4.717592 6.618265
4.150638 6.426172
4.569291 6.242518
4.782516 6.362719
5.103549 6.228261
4.692836 6.649419
4.726488 5.481446
4.382444 6.124489
5.589013 4.584485
4.991776 5.152711
5.909931 5.253657
4.925622 5.606680
4.363267 5.873441
4.689585 4.512939
4.978445 5.703770
3.982654 4.433696
4.654848 6.443762
4.394540 7.483800
4.878550 5.746285
4.739704 6.688232
4.432678 6.415840
5.009641 4.882630
4.104734 5.846913
4.811935 5.685021
4.387924 6.253104
4.861872 6.259250
4.538668 5.687426
4.689928 5.476036
5.098869 5.745749
4.655388 6.357274
4.916409 5.856576
4.533147 6.286910
5.024948 5.787128
4.610412 6.089896
4.593637 6.621659
4.452616 5.543827
4.609589 5.871525
4.532475 6.686257
4.625774 6.454168
4.598956 5.934687
4.513267 6.304009
5.686885 5.947096
4.646657 6.039731
5.600961 5.084767
4.284370 5.776053
4.261023 7.297166
4.754485 6.449063
4.486976 6.028387
3.896686 6.084890
4.858075 6.479700
4.769790 6.711329
5.133829 5.494584
5.070479 4.551294
4.905788 6.017992
6.669029 4.929971
5.321900 5.905926
4.205718 5.753098
5.137688 6.186491
4.712105 5.573948
4.853078 5.583898
4.512515 5.901078
4.500031 6.530886
4.501847 6.218573
4.417740 5.847978
4.821917 5.997438
4.882170 5.432104
4.391172 5.878000
4.937564 5.441244
4.938428 5.315111
4.484165 6.551503
4.893290 5.472983
4.481042 5.841910
5.208913 5.369407
4.513333 4.743665
4.421700 6.127672
5.122224 5.943755
4.862607 5.401757
4.980628 5.386224
5.102252 7.386851
4.760077 5.861238
4.569709 6.664547
4.977993 6.164047
4.840051 5.943465
4.897111 6.432102
4.536032 6.702135
5.122858 5.649107
5.281788 5.642418
5.395168 7.158889
5.500069 6.705921
4.692950 5.824943
4.754226 5.214802
4.353106 6.003213
4.403533 5.244465
4.400270 5.823781
4.695017 6.673968
4.575459 5.656640
4.697121 6.278013
5.098499 5.924633
4.402166 6.326738
4.523975 6.343191
4.935151 4.461777
4.891132 5.777083
4.421558 5.847717
4.390715 6.088245
4.448461 5.073881
4.825316 5.763186
6.453547 6.229663
4.662368 6.525045
5.067405 5.895369
4.890049 5.997486
4.608575 6.491018
4.986082 6.403961
4.424119 6.548804
4.440431 6.035250
4.927029 8.101402
4.990232 5.428540
5.608580 5.889862
4.512018 6.518233
4.499778 6.112015
4.667428 6.162773
4.678272 6.390240
4.832068 6.548841
4.915660 5.326599
4.621078 6.038230
4.441515 6.129396
6.017371 3.232643
4.797253 4.994894
5.727503 4.228755
4.964636 5.583941
4.819245 6.410289
4.804521 7.805056
4.761562 4.958215
5.133731 5.563306
5.616642 3.880999
4.785893 4.566701
4.417169 5.880962
4.622899 5.838611
4.718578 6.579818
4.461527 7.572376
4.720687 5.515661
5.908459 4.430482
4.913040 5.332517
5.153195 6.036340
4.962194 5.934555
4.592252 6.629127
5.145072 6.197026
5.134169 5.674286
4.943881 5.748737
4.687403 6.399469
5.019931 5.675262
4.931374 7.932159
4.508337 6.118086
4.903528 5.834285
4.746696 7.821818
4.916945 6.228515
4.843700 6.370895
5.041657 7.808853
4.865692 6.970804
4.794698 5.729483
5.070770 5.623177
4.329188 5.897851
4.700011 6.183649
4.498919 6.426560
4.481804 6.261729
5.183753 4.701428
4.792581 7.779579
5.006668 5.819118
5.490774 7.103879
4.588899 6.169300
4.949086 5.536219
5.569131 5.784134
4.414876 6.964580
5.104567 5.998714
5.642385 4.418200
4.466709 6.438807
4.875352 5.863328
4.686170 5.541270
4.645790 5.470037
4.941942 6.366001
4.635918 5.497141
4.858611 6.540836
4.477461 6.537843
5.041224 5.385905
5.081758 5.444335
5.467838 6.584267
4.832307 6.288109
4.739026 6.084298
5.063569 6.387722
4.789288 5.477550
4.781345 6.693265
4.667977 5.486918
4.900996 5.734151
4.543586 6.583973
4.814452 5.713090
5.137555 5.468636
5.127020 6.313068
5.766481 4.863201
4.104544 4.946546
4.573321 5.598941
5.094385 7.594023
4.957752 8.782594
4.593757 5.650480
4.410721 6.237597
4.959349 6.476932
5.081670 6.396947
5.314687 5.621591
4.419116 5.843024
4.657592 5.822031
4.221730 6.967873
4.437824 5.525795
5.299536 7.290592
4.911900 5.985171
4.171584 5.976221
4.409636 4.952368
5.041412 5.395138
4.554030 5.492630
5.179732 5.101712
4.776041 6.565336
4.757885 6.412415
4.563439 6.691896
4.950044 6.064070
5.055685 6.085874
4.576667 5.489620
4.501091 5.888618
4.569217 6.373499
5.384144 5.042211
5.051931 6.336984
5.054310 6.163733
4.640647 6.408287
4.647399 7.478643
4.731311 5.874563
4.971151 8.724751
4.643499 5.600113
4.315550 4.910830
5.113542 6.385864
5.028069 5.870461
4.863400 6.222675
4.425280 6.252308
4.479662 6.033268
4.827363 5.601625
4.408012 5.285359
4.697690 6.451872
4.909658 6.438254
4.698634 6.586977
4.669583 5.811959
4.135389 5.546474
4.438870 6.454167
4.574007 5.661759
5.185706 6.444416
4.672653 6.106915
5.052393 5.911273
5.145257 6.130045
4.158963 5.561583
5.110525 6.322866
4.747949 6.233004
4.972709 6.395356
4.658301 5.585238
4.864306 5.781262
4.397965 5.830204
4.852865 5.430791
5.006883 5.388144
4.051193 4.865190
5.653899 4.485866
4.461596 6.280159
4.956471 7.290765
5.131634 5.686294
4.698998 5.569329
5.117927 5.562057
5.537635 6.208492
6.064531 3.196830
5.368384 7.071217
4.868507 5.585430
4.117194 6.477316
5.215450 5.706799
4.753677 5.357282
4.687585 5.316736
4.492154 6.415952
5.087956 6.292916
4.767647 5.632407
4.393984 6.585623
4.912706 5.331993
4.565788 5.507355
4.111918 7.769674
4.971788 5.694446
4.396621 6.577386
5.046745 6.348649
4.580791 6.935744
5.633019 5.280461
4.984947 5.758561
4.738645 5.396017
5.041984 5.951696
4.575889 5.568565
4.831793 5.460037
5.094559 5.760349
4.820317 6.064173
5.004253 4.077991
4.271827 6.086980
4.477993 5.896895
4.591601 5.867148
5.261247 5.863681
3.950251 4.970411
4.694419 6.575510
4.751388 5.343833
5.925545 4.452199
4.739104 6.517074
5.441577 4.966464
4.483141 6.056651
4.754366 5.648910
4.821134 5.129255
6.864141 5.740242
5.202644 5.734696
4.403103 7.053024
5.303614 5.909809
7.399837 8.357306
4.490244 6.455719
4.665031 6.265024
4.610093 5.970261
4.516811 6.683021
4.732182 5.614100
4.829498 5.405424
5.109923 4.284458
5.084465 5.531523
4.643212 6.618683
4.903161 5.377606
4.552587 4.987318
4.607886 5.596591
5.280903 6.657412
4.735144 5.817248
5.021889 4.835962
4.440549 6.097248
4.770518 6.400582
4.582088 5.760969
5.096118 5.451115
5.075478 4.149515
4.555372 6.527074
5.133322 5.393584
4.937205 5.821345
5.091181 4.619589
5.249364 5.872150
4.965758 5.550191
4.432539 5.835423
4.112275 4.954022
5.028389 6.120222
4.570143 5.690357
4.993636 7.320360
4.726462 6.036622
5.038595 6.017514
5.144798 7.270689
4.407661 6.684506
4.593102 7.917556
5.135370 6.285035
5.312128 5.612041
4.646101 4.852670
4.637352 5.479495
5.559374 5.512368
5.287838 7.668993
5.280072 5.896098
4.526213 6.304229
4.604493 5.843993
5.314766 6.222028
4.960849 6.176685
4.786427 6.210494
4.883109 6.335520
4.941845 7.825749
5.144983 6.117851
6.213966 3.548931
5.211025 6.361505
4.713997 5.443385
4.869648 5.928760
5.733355 5.884743
4.627418 5.611071
5.485011 5.663143
5.051267 5.869932
6.035822 7.090396
5.376727 7.125668
4.580001 6.225752
4.948340 5.433291
5.206910 5.740138
4.697158 5.635196
4.602901 6.650868
5.118578 6.053621
5.088923 5.767374
4.410565 5.113515
5.214138 6.051568
4.458174 5.962430
5.524462 3.652705
5.008844 4.257650
4.458369 6.716677
5.896626 5.241274
4.846101 5.610651
5.082798 5.024039
5.004136 6.293115
4.722042 6.341697
4.788034 5.403467
5.847431 4.866468
4.792011 5.328509
5.289644 5.903900
4.421628 6.498371
4.602000 5.876915
4.544837 5.592561
4.736193 5.445289
4.823839 5.361440
4.469804 5.983150
4.482038 5.868594
5.238721 4.446460
5.327492 4.554086
5.122355 4.933051
5.050362 5.444298
4.815830 6.557141
5.598140 9.449981
4.747826 5.370471
4.820631 6.007208
4.720322 4.783734
5.341113 5.006980
5.270904 5.525867
4.551659 5.959484
5.587688 6.493906
4.385349 6.599167
5.135784 5.854863
5.282361 5.737273
4.423450 6.589044
4.547952 5.658020
4.533269 5.693480
5.216227 5.785037
4.156443 4.499168
5.141331 5.875260
5.088653 5.475726
4.520382 6.140246
4.734506 5.353000
4.446963 7.375777
4.824447 5.785583
4.137598 7.336328
4.917512 6.897118
4.797509 5.386874
4.932368 5.753857
4.439457 6.220357
5.028291 8.527163
5.587237 4.278938
4.680720 5.613856
5.289089 5.789669
4.377357 5.881473
4.105309 5.458378
5.642909 4.973187
4.857469 8.124718
4.927144 5.790108
5.104868 7.708167
5.134757 5.561123
5.498702 4.266547
4.957674 7.725123
4.840384 6.312533
4.999879 6.620698
4.282380 5.171761
4.950827 6.397661
5.809023 4.578307
4.532279 5.554249
4.465652 5.962532
5.226620 4.228046
4.961934 6.408246
4.634079 6.429285
5.025115 5.761548
4.437294 6.593201
4.751817 5.629830
4.475940 6.404288
4.943410 6.595999
3.958414 4.384353
5.303692 5.565061
4.967610 6.697864
4.684124 6.544463
4.589314 6.587831
4.669100 6.140410
5.200588 6.070090
4.988263 4.680926
4.972700 5.293790
5.802749 6.182988
5.476325 4.239293
4.463968 5.195042
5.308611 5.950125
4.816502 6.114975
4.379295 6.373274
4.595870 5.906805
4.747664 5.376364
4.956318 5.867327
5.477704 4.367166
5.126845 5.427752
4.603535 6.658816
4.529251 6.410017
6.197570 7.915715
4.346155 3.164310
4.974013 5.381817
5.167506 9.825068
5.276255 5.964853
4.594107 5.811090
5.929607 6.478460
5.785752 5.408426
4.668165 6.796795
5.030302 6.187558
4.458829 6.042290
5.654226 6.294552
5.417676 7.134353
5.184098 5.894304
4.663214 6.795388
5.577308 5.345729
4.917503 5.850485
5.220273 5.567737
5.609382 4.326353
4.417032 6.606565
4.392842 4.694543
4.611914 5.587551
5.321764 6.821892
4.721457 4.815193
9.851574 2.673173
5.184159 5.695505
4.734508 6.653174
5.263345 5.985002
5.144962 5.903219
5.051677 5.702210
4.417883 6.101338
5.028568 5.540054
4.893102 6.640482
4.570752 7.746785
4.537633 6.782650
5.561513 4.164772
4.749131 6.024055
5.000673 6.257787
4.305899 9.434720
4.839686 8.144733
5.252668 6.075930
4.375049 5.813960
5.565103 3.608894
4.649004 6.308388
4.805868 5.967448
4.733246 6.708622
4.609754 6.820291
4.949761 5.422756
4.805070 6.423574
4.992837 6.560869
4.980126 4.615674
4.545794 5.594395
5.649862 6.416419
5.059847 5.490462
5.115634 4.191079
4.889790 5.598272
4.739480 5.875879
5.083304 7.248091
5.014596 5.697827
5.216959 5.728170
4.407560 5.211284
4.839878 4.232219
5.190938 5.997338
5.768022 10.091910
4.980130 6.031060
5.075061 5.970335
4.610017 6.594812
4.535879 5.545179
5.664376 6.335472
4.878374 6.371652
4.255681 5.645939
4.492132 6.263892
5.858729 4.491914
4.675094 6.495424
4.118901 5.348300
4.659750 6.864048
4.534053 6.130611
4.642445 5.946426
4.631554 6.624186
4.721050 5.452440
5.115367 6.334502
4.824154 6.268455
5.032656 5.330195
4.794288 5.671923
4.417441 4.228779
6.698324 8.332365
4.504033 6.311810
4.570146 6.255085
3.791887 7.387589
4.949567 6.105351
4.968677 3.769751
4.944901 6.201600
4.479395 6.557274
4.241581 6.959166
4.612363 5.913746
4.895387 4.253803
4.478314 6.582723
5.052841 4.416208
4.791874 5.875546
5.314077 4.288206
5.515676 4.605802
4.689051 6.614433
4.582606 5.631532
4.772923 7.874306
5.041736 4.428437
4.936370 5.712807
5.145737 5.561518
4.638449 5.808252
5.846513 5.616038
4.608687 5.556978
5.384125 7.170755
5.202917 6.055751
5.339605 5.873598
4.586884 6.059381
4.694578 5.388844
4.796267 6.849783
5.174676 5.687232
4.722332 6.340041
4.830396 6.450254
4.975658 5.452024
4.665764 6.764368
5.166141 5.469966
4.388872 6.605862
4.835412 6.841588
4.411777 5.729367
4.390463 6.054452
5.076679 8.573375
4.470259 5.765063
5.496313 6.647591
5.941844 5.196121
4.888548 5.622501
4.730610 6.856302
4.839669 5.662301
4.576600 5.672799
4.458432 5.742084
4.806022 6.087893
4.717665 5.335927
4.179275 5.074408
5.579593 4.105505
4.968827 6.554409
5.135304 6.275375
5.858690 4.538765
4.710804 6.720244
4.806581 5.206647
4.406607 5.719185
4.633739 6.394821
5.092713 5.965922
4.433948 5.676466
5.177359 5.815704
5.001433 7.826513
4.729717 6.815260
5.750195 5.713011
4.543548 6.582747
5.024281 7.353664
5.757506 6.380644
4.652277 6.798684
4.808619 7.233658
5.140698 5.743633
5.083326 4.770298
4.702006 6.867731
4.840788 5.570416
5.058656 5.414317
4.488482 5.666952
4.593814 6.662128
5.157115 4.865203
4.398020 6.977462
5.048562 4.343706
5.030163 5.764316
5.294030 6.269983
5.260786 7.832365
5.427841 6.025093
4.851998 6.366742
4.101095 5.682671
4.795273 5.806160
4.549430 5.549629
6.135541 5.194529
5.500381 4.317753
4.480760 6.630676
5.034813 5.601446
5.223845 5.768353
4.996316 6.650677
4.588102 5.520993
5.166491 5.537923
5.063944 5.337221
4.550124 6.566441
4.814704 5.652435
5.226318 6.018504
4.476696 5.853794
9.382497 3.157994
5.111701 6.446742
4.339512 6.394960
4.794665 6.675107
4.960705 5.911966
5.138350 5.584588
4.833525 5.465413
5.103288 6.432353
4.929039 6.710897
4.384343 6.461596
4.099191 7.041082
5.579466 9.237344
5.206241 5.453001
4.955036 5.476953
4.472721 6.045986
5.071614 6.327922
4.532262 6.763788
4.498972 6.302271
4.808764 5.548708
4.687327 6.826450
4.064889 5.206229
4.964301 4.411224
4.944533 4.794047
4.103689 5.777432
4.997652 6.208479
4.606399 4.853166
4.571790 5.995579
5.504981 4.249558
4.764863 6.119265
4.822907 6.546961
5.137516 5.816779
4.919836 5.556787
4.886650 6.461378
4.707292 6.816430
4.405176 7.378286
5.639591 4.723912
5.122513 6.517089
4.873460 5.411164
5.172287 5.385767
4.979861 6.915802
4.521564 6.426426
6.169355 4.820816
5.083781 5.281312
6.168362 5.115732
4.655369 6.591546
4.819461 6.312892
4.508547 9.462368
4.577173 5.701162
4.386434 6.388999
5.116178 5.238354
4.992358 5.305271
5.021675 5.205901
4.617310 5.569020
4.878101 5.209459
4.599301 5.519495
4.981207 6.964688
4.947298 5.240654
4.900347 6.588579
5.040776 5.638645
5.217219 4.084334
4.644856 6.141434
5.278300 5.529281
5.026246 6.366210
6.172226 5.102908
5.072958 5.334646
4.645915 6.013164
5.041019 5.206657
4.487783 5.929466
4.854354 6.175202
5.008318 6.223016
5.592491 6.932779
5.039381 6.295489
4.475784 5.704125
4.956079 5.190134
5.074274 6.122038
5.172352 5.776957
5.266952 7.766238
5.675828 3.526718
5.297857 5.367553
5.092945 6.032969
5.098680 5.229723
4.626372 5.831943
5.148398 6.482416
5.533729 4.148139
5.096429 5.536629
5.995127 4.796221
4.830170 5.956033
5.517404 7.492215
4.624599 4.904282
6.728294 3.296120
4.839435 6.478951
5.098825 6.661158
4.692683 6.776929
5.515627 7.351961
4.734312 5.461241
4.866035 6.081372
5.193443 4.227705
4.742817 5.779680
3.966843 6.518788
5.146711 6.069096
4.375132 6.675787
5.248843 6.131467
4.966323 6.614643
4.867081 5.161106
4.860023 5.246808
5.207463 6.121225
4.447495 6.422369
4.273447 6.299363
4.681804 6.732494
4.940781 5.879965
4.918046 5.188082
5.027793 5.761343
5.384102 5.029119
5.460752 4.170982
4.777347 8.391870
6.219997 5.020893
4.555689 6.807037
5.118086 5.892999
5.162779 6.101319
4.611589 6.681031
4.972101 9.979007
4.408984 6.399110
4.991444 5.271396
5.199298 5.598765
5.246910 5.599018
5.196530 6.030315
4.817442 6.184141
5.774135 4.598537
6.083426 4.804486
6.219158 5.494024
5.681890 5.464453
5.115825 4.450695
4.803225 5.526918
4.893858 5.578752
4.571098 6.359774
5.040452 6.411548
4.645349 5.652982
5.240408 5.493279
4.401611 5.663005
4.884276 5.173934
5.275294 6.229944
5.099069 8.098708
4.114495 5.659348
5.591910 4.807974
5.215910 5.428474
4.415900 5.639874
4.487109 6.067558
5.261796 6.978752
4.673318 6.214227
4.505273 5.861020
6.637413 4.016000
5.270825 6.223212
4.550272 5.150127
5.229319 5.378023
4.844035 5.198263
4.765564 6.744948
5.007163 5.335379
5.115191 6.185948
5.078025 8.003454
5.037516 5.289019
4.974935 6.708028
4.543694 6.779555
4.462152 6.631896
5.446270 6.826172
5.943825 5.593043
5.408567 6.968173
4.931777 5.458187
4.911369 6.569882
5.286540 4.977092
4.754211 6.591964
4.253442 5.428597
4.068551 5.212300
4.189354 6.938950
4.723794 6.585846
4.663024 7.490278
4.646518 6.196898
4.934052 5.161225
4.906862 5.357240
4.529888 5.644791
4.592580 6.420053
5.420078 4.159003
4.267900 6.310694
4.949488 6.367650
4.691339 6.303969
5.382585 6.336813
5.208434 6.202061
4.599638 6.636209
4.890178 6.036800
4.453892 6.450071
4.504422 6.823774
4.847418 6.367792
4.847710 5.082917
4.315559 6.389377
4.963435 5.636263
3.788434 6.411819
4.247274 6.201079
10.804846 4.018165
4.840771 5.474687
4.347919 6.403601
4.915451 5.601823
5.189674 6.036739
4.968781 5.861670
5.804557 6.370826
4.745940 6.081689
5.595690 7.450618
5.643769 5.021749
4.459955 5.074264
4.688654 6.535822
5.214612 5.674653
6.079909 5.108707
4.579192 6.827824
4.383930 5.738271
5.163815 5.509251
4.340196 6.378286
4.409210 6.016603
5.165040 5.240800
4.207746 7.059168
4.495665 5.055637
4.458779 6.151999
4.609884 5.604053
9.841136 4.912381
4.613571 6.295226
4.537443 6.057667
4.425640 7.786691
4.885619 5.274722
4.925712 6.155398
5.037283 5.623852
4.313620 6.238658
5.657226 5.908524
4.516294 5.280759
4.466498 5.724087
4.567738 5.692294
4.361932 6.098692
3.863017 6.796861
5.428517 9.622547
4.537361 5.629168
5.023654 6.071813
5.081710 5.710670
4.574095 5.389218
5.678830 5.426109
4.975333 5.465911
5.280393 6.965457
4.617236 5.411607
5.133036 6.094994
4.666789 5.410468
4.219730 6.160614
5.184573 5.342106
4.419497 5.272935
4.242253 6.102150
4.500221 6.735920
5.236333 5.667763
4.390068 6.757418
4.715803 6.775535
4.813460 5.562893
4.511407 5.768714
4.341176 6.245532
4.614941 5.400596
4.853858 5.174490
4.157352 8.017951
4.442631 6.485432
4.481169 6.374976
4.704979 7.348874
4.810509 7.991724
5.178453 5.944087
5.204552 5.485100
5.188246 4.908452
4.972956 6.547731
4.365116 6.256499
4.576933 6.471846
5.223470 6.205618
5.246610 4.308258
5.846597 6.783051
4.532855 5.331419
4.159701 7.048188
4.647247 5.148214
4.708158 5.126616
5.020274 7.536530
4.459226 5.732298
4.870639 6.257543
4.445224 6.574175
4.194399 3.089349
4.763939 5.774302
4.356487 6.154749
5.643834 4.717461
4.942606 5.192513
5.201482 7.861838
6.032206 4.960746
4.969288 6.043310
4.455880 6.070249
4.934243 5.758458
5.266407 6.005255
4.637513 5.450556
4.368205 6.109149
5.235235 5.324551
4.642593 6.033846
4.769353 4.638991
5.400251 4.091223
4.842122 5.547395
5.329354 4.694155
4.313679 6.508006
5.617593 3.805511
5.003601 5.743381
4.486584 5.684363
4.398933 5.274678
4.713002 6.527181
4.491207 6.207855
4.596050 6.457357
4.502348 5.854910
5.322396 4.118683
5.911975 7.312272
4.243245 6.482035
5.916263 4.631729
4.374959 6.123804
4.657174 6.613743
4.380232 7.757344
4.932546 5.421188
4.229157 6.320540
4.613772 5.353344
4.631238 6.405954
4.993158 5.888829
5.198043 5.783226
4.987557 6.662566
6.694458 11.183181
4.483682 6.906246
5.334201 7.204755
9.424842 2.920746
5.194850 5.353895
4.628632 5.578629
4.532694 4.814526
5.926792 4.349155
5.830484 4.129507
4.105159 6.886198
4.662648 5.806337
4.841697 5.463020
5.857508 5.300126
6.215106 5.309491
5.139295 6.194017
4.519772 5.809415
4.345859 6.554166
3.900207 6.443482
4.506845 6.715201
4.545731 8.120981
4.567779 6.859906
5.148960 5.623419
4.322054 6.126760
4.352672 6.322613
4.877716 5.445127
4.784954 6.413463
5.694619 4.353745
5.041594 5.435751
4.285903 6.195827
4.729112 5.158353
4.708265 5.307467
4.375063 6.683731
5.055883 4.943289
5.771015 7.285448
4.766137 7.735373
4.575543 5.690606
4.419466 5.769037
4.751291 6.052735
5.049640 6.329724
4.561355 5.562503
5.045472 3.408315
4.524199 4.537429
4.565559 6.151510
4.499964 4.920881
4.690270 5.466260
4.308657 5.563126
5.633366 6.351866
5.218781 5.865952
3.797845 6.605472
4.489791 7.380968
4.589125 5.908431
5.024636 5.281982
5.737155 6.529516
5.563484 5.999721
5.192082 5.186968
4.727924 5.988561
4.601440 5.432663
5.944718 5.460423
4.979296 6.763600
4.227863 6.486106
5.077473 5.214165
5.311153 5.179741
5.238367 5.282020
4.709943 5.962127
4.508827 6.180206
5.039646 6.086923
4.358460 6.469804
4.716965 5.657033
4.242578 7.103423
4.987398 6.288477
4.338176 6.320194
4.851581 5.679831
4.902219 5.352519
5.315373 5.553274
5.060286 5.494750
4.344780 5.514479
4.752847 6.980847
4.546889 5.287078
4.583017 6.018394
4.737698 5.163830
4.799217 6.795898
4.661742 5.953185
5.237160 5.392249
5.086532 5.813710
5.303950 5.223417
4.936067 5.477810
4.419078 5.798923
5.233698 6.233133
4.713848 5.846909
4.911985 6.727433
4.706911 5.295613
5.040835 5.273015
4.995152 6.469183
4.616522 6.743850
4.588291 4.380250
5.279397 5.305140
4.750801 6.538862
5.200474 6.166604
4.277060 6.197664
4.349372 6.173946
5.058738 5.425460
5.181157 5.256456
4.675706 5.290747
5.508800 4.613764
6.109364 5.317417
5.884439 4.176178
4.348908 5.214325
4.958627 8.219123
4.451791 6.128180
4.348033 6.375990
4.959044 6.807189
5.253532 5.787946
4.906086 5.190749
4.887095 6.744625
4.897378 6.590412
4.592206 5.406162
4.221432 6.309247
6.125329 4.920784
5.294446 6.992952
4.244240 5.632053
4.090339 7.088257
4.750920 5.185414
5.280316 5.963832
5.451826 4.307561
4.664747 4.429193
5.282094 4.457734
5.093596 7.960120
5.087621 5.445380
5.290174 6.350484
4.698237 4.456876
4.541149 4.751144
6.161119 4.529023
4.167068 7.038940
4.244976 7.117790
4.936577 5.401281
4.238404 5.480217
5.144481 6.471428
5.962152 4.517649
4.064501 6.945439
4.868489 5.583763
5.399224 7.267159
4.287493 6.041151
4.492930 6.244493
4.388087 5.669477
4.971311 6.552358
4.345676 6.458578
4.820432 5.591867
6.002887 4.439721
4.752026 5.922036
4.406844 6.042743
5.281401 6.301326
5.198306 6.134329
5.163224 6.334029
4.468092 5.923425
5.264255 6.644975
4.094976 6.962376
4.295529 6.030839
4.554510 5.317431
5.860579 4.151464
4.693245 5.218187
4.236549 6.005783
5.209600 7.488145
5.984964 5.187624
5.007202 6.565063
6.235580 4.390104
4.588554 4.551246
4.339040 5.846163
5.957617 5.546114
5.281960 5.501775
5.083308 5.234975
4.398654 4.632580
5.174231 6.205339
4.231212 6.189261
4.553103 6.712896
5.274612 6.251311
4.564488 5.689048
4.601455 6.782553
4.109617 7.943791
5.775649 5.651897
5.120234 6.595305
5.236738 5.617304
4.602023 6.992002
4.358488 6.064930
6.139765 4.605318
4.673992 5.613635
4.920768 7.395896
4.542121 6.256302
5.239044 6.273006
4.606489 6.922639
4.800084 5.279757
5.065046 5.722633
4.346237 6.184789
4.288064 6.051679
4.932776 6.637772
4.833654 6.720144
4.757453 6.453347
5.147965 6.596689
6.236784 4.674932
4.981402 5.526712
4.874758 5.912926
5.601292 4.805148
4.846517 5.224659
4.363360 5.994581
4.684669 6.912486
4.886928 6.776014
5.283159 5.236712
4.565941 5.888419
4.745667 6.647287
5.043248 6.674059
4.789142 5.289000
5.275346 5.173052
3.853405 6.434785
4.474233 7.036486
5.165505 5.898643
5.070977 6.393140
4.762789 7.530796
5.135277 5.240230
5.165800 7.432227
4.919427 8.150725
4.225799 6.114268
4.940539 5.479794
4.455352 6.690878
4.557568 6.944196
4.618283 6.692627
3.899302 6.693059
5.069797 4.175369
5.832985 5.797406
4.503092 6.529246
4.679862 6.261143
4.236784 6.360856
4.941273 5.560102
4.726238 8.391126
4.999328 5.444234
4.006358 6.339808
5.013301 6.697912
4.681311 6.982833
4.548275 6.753424
4.958674 6.219178
4.641104 6.197329
4.690627 4.148006
5.253482 6.365324
5.699968 5.684508
4.792776 6.033344
6.017873 4.387551
5.365991 6.423144
5.147494 5.571114
4.359342 6.118380
4.805403 5.856278
4.393664 5.559367
4.337116 6.273921
4.488133 6.840173
5.180420 5.244809
4.751034 6.348684
5.312478 4.720456
4.654107 6.176084
4.942954 6.428439
4.405881 6.592635
4.783099 6.270502
4.435450 5.588687
5.210503 5.123040
4.748994 7.027580
4.799166 6.949484
3.826396 6.180183
4.772517 6.901103
4.892122 5.211101
5.572878 5.210718
4.729733 7.202104
5.388365 5.661991
5.019361 5.312291
4.752035 6.830816
4.755424 6.995840
4.679580 4.710845
4.512403 4.557603
4.750566 6.914924
5.105639 6.715905
4.992663 6.584836
4.439636 6.287828
4.661381 4.678305
4.422728 6.352758
5.033353 5.659853
4.656817 6.894168
4.553238 5.856609
4.748608 5.386469
5.298306 6.348433
6.116817 7.877666
4.067180 5.434435
5.338727 7.320633
4.126638 5.234790
4.513619 7.052572
5.562799 6.113925
4.875392 8.375471
3.836086 5.958179
4.663881 5.444148
5.331101 5.616081
4.587937 5.920182
4.235903 6.572371
5.058715 6.700321
5.053230 5.019775
4.229239 6.646028
4.539375 6.890306
4.719429 5.032989
5.198922 5.753420
4.794253 6.609085
4.603988 7.479870
4.022789 6.826767
4.713768 6.915960
4.517593 5.893037
5.324327 5.644393
4.314158 5.952790
4.309912 6.715461
5.303833 4.605141
5.063127 6.261889
4.352343 6.145665
5.407320 5.489584
4.897615 5.909376
4.580275 6.994741
5.065803 5.028626
5.758427 6.429142
5.327644 5.563038
6.302616 5.156184
5.608350 5.432371
4.322819 6.442001
5.270672 6.223286
5.984193 4.587923
5.193167 5.467720
5.887837 4.226451
6.119022 7.679063
4.376792 6.828305
4.785192 6.961898
5.390391 4.425480
5.156888 5.800905
4.423934 6.544926
5.000036 5.988544
4.397800 6.582574
4.765924 6.918250
4.966676 6.120544
4.790531 6.159803
5.361035 5.746820
5.184576 6.319574
4.668864 6.411923
4.900804 6.722521
4.854820 4.957802
4.796160 5.479372
5.048547 5.156095
4.477691 6.663681
4.832533 5.603951
4.987543 5.302189
4.238736 6.034634
4.258697 6.014105
4.807513 6.166613
5.085855 6.479473
4.742405 5.930398
5.255877 6.156281
4.932433 6.559231
4.040852 5.983293
4.384302 6.481511
4.397696 6.221477
4.770604 5.972035
5.061570 6.686694
4.520409 6.377499
5.104772 5.983091
4.752985 6.760099
5.248057 5.963292
5.449864 5.829846
4.298282 6.705023
4.819709 6.259443
5.317496 5.911932
5.855460 6.159534
4.728662 6.408369
4.922299 6.362604
4.935989 5.755055
5.324329 5.775633
5.342058 4.278590
5.105870 6.620401
4.219901 6.198287
6.235326 5.917641
4.411393 5.874023
4.815064 5.626072
5.427257 5.817386
4.600232 6.674990
5.194143 5.646238
5.203925 5.472052
5.456243 5.743901
4.945433 5.190426
4.760367 8.097957
5.264617 5.412840
4.296301 6.074241
4.506662 6.809924
4.544817 6.381788
5.023456 5.868935
4.866429 6.837831
4.555812 5.408764
4.680586 5.781645
4.711805 6.394583
4.639158 4.972100
4.474118 6.825191
4.257113 6.491936
4.865131 6.685494
4.508613 6.692920
4.560583 4.636817
4.449727 5.481722
5.001719 5.150999
5.065411 6.315461
4.251262 5.663755
4.426901 4.562108
4.740992 5.262612
4.572227 5.582919
5.351560 5.479671
5.400082 5.549319
4.634784 5.675160
4.985062 5.023132
4.730160 4.379547
4.336494 6.710723
4.607526 6.399735
5.206096 5.770997
11.227340 3.835153
5.168191 5.351267
4.893590 5.130116
4.363979 6.685800
4.697810 7.165060
4.329974 6.344097
4.723517 5.802320
4.758493 6.052671
5.617566 4.911846
5.092211 6.406495
5.368791 5.466361
4.943438 6.162491
4.838573 5.690959
4.233979 7.548910
4.734716 6.740574
4.427098 5.534406
5.153957 5.507457
4.923015 6.069517
4.759233 5.352787
5.060221 6.040456
4.371624 6.167856
5.096471 5.011210
4.999496 5.170189
5.230945 7.497122
4.891809 6.627033
4.689277 6.677074
4.877810 9.732861
5.229665 5.881712
5.858926 5.384269
5.606440 6.174800
4.448119 5.773151
5.195890 6.290099
4.482897 6.028517
5.768133 6.486859
5.430109 5.341101
4.967082 5.024836
4.693624 4.913958
5.298376 5.775330
4.482936 5.946131
4.623033 6.992131
5.744566 6.816350
4.588682 5.987906
5.396983 5.652402
4.994452 5.089667
4.611539 6.839702
5.159060 5.538000
5.257486 8.247503
6.099510 5.317612
4.614138 4.896400
4.486331 4.553661
4.186708 5.061184
5.032989 5.084141
4.487060 5.548100
4.290301 6.492655
4.441719 5.829993
4.392429 6.509725
5.061887 8.009001
4.985167 5.458223
5.025389 5.686730
5.066198 8.869608
5.116176 6.189690
4.616722 5.859844
4.665873 4.596303
4.363086 6.602702
5.251244 5.341411
4.853154 5.913453
4.833516 6.689258
5.293845 5.620941
4.505296 6.206279
4.779818 6.823995
4.864377 5.067579
5.040962 5.805388
4.679439 5.374907
5.323298 5.243268
4.800311 7.970889
4.550638 5.753422
4.295922 6.702093
5.992042 4.860795
5.188131 6.149840
4.713834 4.078128
4.934974 5.597044
5.009123 6.202251
5.382251 5.696351
4.864904 5.420092
5.068995 4.467848
5.137695 5.189506
5.468662 5.472826
4.279390 6.309184
4.639081 6.451838
4.988304 5.231450
4.805586 7.025000
5.526547 4.187819
5.444567 5.386811
4.424165 5.759722
4.813228 6.515087
5.192750 6.072862
4.852913 7.685634
4.523166 8.044476
5.750044 5.948903
6.128277 4.650440
4.740561 5.678280
5.599813 7.355427
6.837150 4.841234
4.523505 6.956894
5.267715 6.328951
4.760669 6.103505
5.231852 5.047743
4.487957 6.949537
5.047445 5.596928
4.333760 6.232008
5.644146 6.175430
5.168645 5.092473
5.282825 5.022248
4.850307 5.822763
4.687661 6.161385
4.320446 6.465786
4.444344 6.256549
4.782029 8.284775
5.108343 8.127211
4.850998 6.352707
4.440113 6.015258
5.030221 6.075421
5.079856 7.560292
4.351541 5.994798
5.768386 4.066346
5.189976 5.536399
4.815609 9.652050
5.254219 5.707226
3.857577 6.675013
4.261161 5.871144
5.459702 4.794341
4.874144 6.139561
5.850802 4.348911
5.106445 8.291670
5.379965 3.770857
4.751575 4.538871
4.344144 5.817092
4.290888 5.924847
5.116340 4.226462
5.403115 5.444024
4.466489 6.937816
6.054559 5.796103
5.154859 5.392863
4.265481 7.906288
4.750422 6.376359
5.338436 5.475730
5.030985 5.059002
5.295036 6.128001
4.490494 6.548802
4.609959 6.928330
4.666274 4.785404
4.445897 6.731673
4.474591 7.281221
4.318176 5.115797
4.496178 5.777275
5.286257 5.078413
5.548521 4.515468
4.476869 6.911974
6.181277 4.469370
4.571458 6.267743
4.971349 7.197753
5.861358 4.642718
5.060988 6.726182
4.295397 6.196162
4.226434 6.356334
4.846091 5.011752
4.384007 5.582972
8.277029 2.971714
5.376931 7.665788
4.797244 5.924465
4.678554 7.101278
5.024451 6.379768
4.987911 5.060431
4.307331 6.556505
4.777022 5.370152
4.568363 6.001713
4.829971 5.558357
4.647362 6.293738
5.432237 6.064279
4.288552 7.743359
5.355410 5.840642
5.272407 5.665231
4.878064 6.851893
5.290342 6.524600
4.888701 7.645212
4.687760 5.428505
3.796966 6.516582
5.190989 6.261411
4.826517 6.667614
5.490752 6.265142
4.414553 6.463019
4.506728 6.917298
4.322393 6.514144
5.062144 6.096014
5.269691 5.098318
5.433712 6.053808
4.445658 6.071878
4.364529 5.798694
4.107281 6.773147
4.442017 6.262730
5.124344 6.446685
5.235013 5.312582
5.097529 8.118024
4.766694 6.471416
4.353019 7.662582
4.880907 7.006449
5.024525 5.587403
5.199764 6.319715
5.070196 5.670207
4.859303 7.030334
4.846701 6.923696
3.944457 4.031789
4.221252 6.331676
5.249353 6.213620
6.184194 5.733713
5.425268 4.369224
5.246577 5.678389
4.854578 6.854233
4.791622 6.988160
5.587670 7.659317
4.887861 5.480403
4.221684 6.439542
5.286408 8.362990
4.882519 4.490117
5.368982 5.915176
5.037537 6.093577
5.203005 6.512109
4.339814 5.060759
6.149799 5.461095
4.916147 6.830894
4.955817 6.885878
4.666083 6.962252
4.254896 6.038011
4.929736 6.124312
4.728663 5.946328
4.463276 6.867483
5.181602 5.267061
5.250213 7.961569
4.454376 5.375687
4.305685 5.907883
3.769313 4.198977
5.709517 7.948058
6.111233 5.758931
5.890193 4.632654
4.680777 5.441021
5.355054 5.192957
4.339287 5.549974
4.479279 5.671922
4.866027 6.584391
4.781962 5.476550
6.163817 4.809029
4.051532 7.133785
5.381966 5.156450
5.414239 5.280618
4.823604 6.567253
4.213870 7.230610
4.578718 6.455941
5.309926 6.295939
5.132787 9.942622
4.837692 5.698477
4.571421 5.239456
4.556901 5.184783
4.840747 4.118881
4.628764 8.093388
4.682329 6.996583
4.045275 6.206908
5.275595 5.824738
4.182469 5.089413
5.142065 6.834388
5.468512 5.492847
4.536339 5.481108
6.188632 4.553929
4.639437 5.548868
4.784813 5.292930
4.690492 4.498577
4.439314 6.208336
4.358740 6.657854
5.082597 6.772816
5.011692 6.834855
5.535151 3.544693
4.480146 6.856116
4.885863 8.189116
5.251561 5.583559
3.777140 7.019685
5.385234 5.179471
5.204996 7.243190
4.247823 5.905838
4.688766 6.997529
4.343519 6.639997
5.170356 5.504337
4.904101 5.263428
5.102645 5.336423
5.302359 6.351017
6.247615 5.271688
5.046763 5.051393
3.869906 6.886974
5.327754 5.635952
4.304827 5.217318
4.635880 5.904548
4.346325 6.196337
5.488509 7.515364
5.993797 7.380394
4.906604 6.836676
4.399333 6.549594
3.804601 4.326581
4.939395 5.953932
4.991769 8.191071
4.688104 6.566523
4.645940 5.200511
4.277555 6.801338
4.433880 6.519815
5.237639 2.902622
5.051948 6.731595
5.431039 5.939111
4.219124 6.754360
4.943758 5.662623
4.745363 5.830499
4.282776 6.866879
4.799776 6.342268
4.715942 5.885439
4.893538 6.793375
6.046450 3.568533
5.266937 5.938401
4.900905 7.028881
5.010657 6.158440
4.994058 6.209315
4.244206 6.105283
3.862152 6.039158
5.089645 5.077574
4.593813 5.642997
5.040402 6.776731
4.758728 5.567642
4.413387 6.849855
4.702066 4.237165
4.276264 6.298460
5.165828 5.107705
4.950667 5.102588
4.491403 6.883948
5.012694 6.415820
4.744141 6.050545
4.310485 6.748119
4.641966 6.371323
4.908189 5.145521
4.796304 6.375840
5.223847 6.266503
5.383433 5.186852
4.557435 5.576742
5.673162 5.525064
4.240867 5.908514
4.230136 6.926770
4.243908 6.865387
5.229109 4.274182
5.184969 5.221265
4.707766 6.240357
3.919479 6.571476
4.392948 5.910152
5.265387 6.160927
5.114315 6.723736
4.250690 6.090675
5.289062 5.557356
3.896390 6.889955
5.002103 5.671425
5.356453 6.016435
5.426101 5.248583
4.623203 5.319734
4.282486 5.224605
4.716627 5.136071
5.001761 5.072268
4.703462 5.660244
5.953537 4.521585
4.935674 6.796597
4.740228 6.829970
7.281487 4.670067
4.312879 6.135863
5.607352 5.382870
5.730058 6.823406
5.374131 5.391012
4.335290 6.644605
5.078661 5.581471
5.011619 6.044710
5.233554 5.358165
6.237776 6.668481
5.250549 4.836665
3.873382 7.598769
5.094679 5.884071
4.413109 5.576445
5.068449 5.835888
4.541922 7.493066
4.701978 6.478028
5.390600 5.571241
4.754402 5.099025
4.480158 6.072643
5.415531 4.536421
4.748000 5.367054
6.016655 8.477466
5.274459 7.739057
4.804479 5.762087
4.586640 5.238501
5.084157 4.664170
5.242016 5.213675
5.065453 5.362254
4.668996 5.752295
4.588241 5.168304
5.007338 5.192193
6.101643 8.427293
4.490496 7.121657
4.960994 6.984406
5.016335 6.862269
4.721628 5.853297
5.382787 7.287749
4.681962 4.658621
5.535844 7.623435
5.195455 6.325688
4.879002 5.817288
3.759826 6.558461
4.531571 5.326281
7.248808 4.958899
5.411247 5.946867
4.423823 6.724774
5.228483 4.990417
4.815359 5.180195
4.356760 6.005521
4.617213 6.058485
5.257696 4.066467
5.462586 5.986414
4.922462 7.002432
4.268363 6.656155
4.432845 4.743837
4.524241 5.649950
5.062315 6.057305
5.402063 5.300614
4.531801 6.553087
4.576013 5.174165
5.308118 6.090021
4.895219 5.402003
4.946645 6.434286
5.118540 6.541036
4.545921 7.113433
5.166456 6.136422
5.321017 7.341957
5.291309 5.540070
4.377999 5.547391
4.601904 5.738058
5.416364 5.231802
5.352214 6.216963
4.631913 7.060057
4.990823 5.016849
3.931708 6.068869
3.792144 6.461559
4.916476 5.984643
4.552549 4.880120
4.441579 6.300642
4.696150 8.329165
5.282751 5.045896
5.362654 5.872629
4.706568 7.085212
4.843377 6.839571
4.719066 5.807309
4.766452 7.037682
4.917675 5.544446
4.693397 7.090313
4.417047 6.958404
4.713461 5.527852
4.777866 7.155076
4.601295 7.065421
3.909853 5.957509
5.079707 5.305392
4.748489 5.401510
4.794772 7.167776
4.812583 5.053740
5.735988 4.640125
5.269317 6.345614
4.465361 5.559179
5.026625 6.280711
4.458683 6.246316
4.284304 4.114095
4.923398 5.561384
5.002050 6.152260
4.690015 6.327366
5.403986 5.447046
5.376483 5.968301
8.005898 3.867229
4.601034 8.054197
4.608433 5.602203
5.191027 8.136451
5.555340 2.414524
4.686023 5.427891
5.751065 6.419634
4.919979 4.947598
5.058076 4.894711
4.523346 6.956952
4.862716 5.277001
4.235470 6.736078
4.355261 6.091452
5.143112 4.997203
4.266477 7.578477
4.923218 6.903458
4.897028 5.125135
5.123082 4.859473
4.134092 4.819082
4.590650 5.404223
4.857998 6.926358
5.129629 5.096733
4.923023 6.448553
4.303411 5.781747
5.079937 6.410439
4.284011 6.332470
4.818349 6.329389
6.093451 5.794861
4.666432 5.925974
4.469658 5.975054
4.153689 5.053626
4.919934 5.756476
4.977859 5.826419
5.376619 5.428908
6.186951 4.606721
3.912715 6.604373
4.494777 5.466561
4.847537 6.545422
4.604130 5.241659
4.430766 5.372715
4.658842 6.823143
5.026860 6.277462
4.558980 5.794003
6.159585 2.434130
5.163623 5.807902
5.061043 6.082675
4.315519 6.742612
4.378319 5.456826
5.070457 5.115449
5.028148 5.201075
4.207541 3.991143
5.583526 4.209298
5.113689 1.436891
4.808428 5.646779
4.326655 6.745323
5.374697 5.956265
5.109161 4.857903
4.502984 6.763818
4.611858 6.926377
4.507529 5.341299
4.065985 7.183794
4.960318 5.422997
4.568496 5.600626
5.277050 5.057429
5.317981 5.123334
5.402620 5.067923
4.478285 6.528155
4.439363 5.379504
5.596008 6.517514
4.429527 6.574709
5.313352 6.068598
4.995337 4.351211
5.374556 3.800741
5.286868 6.460421
5.246024 5.225050
4.462993 5.571840
4.921402 6.322049
6.186404 4.747108
5.525257 3.973858
5.185394 5.220362
4.395303 5.851108
4.550469 6.411875
4.826958 5.558992
5.396580 5.096867
5.568713 3.908893
3.961805 6.953001
4.607820 7.092746
4.588199 6.065512
4.745280 7.079716
5.468782 8.294678
4.169038 8.296381
4.516920 5.398706
4.300466 6.752980
5.155564 6.101476
5.158090 4.371840
5.636696 7.680282
3.850344 7.040410
4.293777 6.807342
5.419495 5.135520
4.899601 8.217588
5.268806 6.673393
4.828891 6.100758
5.493727 5.590698
4.844993 5.878118
3.985027 6.244742
5.150885 4.993439
4.634793 5.354604
6.017645 5.395000
4.982734 7.023773
4.605767 4.709741
4.793270 5.079942
5.342912 5.344182
5.269075 4.961997
5.444548 5.188026
4.891965 5.981606
4.777094 5.819618
4.613924 5.521102
4.789754 5.975747
5.228198 6.577772
3.780989 7.941598
5.174986 4.990209
4.724944 7.093944
4.382583 6.855992
4.838132 5.178585
6.065837 4.281848
5.330583 3.852134
4.427737 5.342896
4.269220 6.574460
4.945017 5.423216
5.366858 6.176782
5.262275 4.944803
4.410203 6.228004
5.285559 5.484211
4.448396 5.372593
4.243837 5.632788
4.934241 5.198044
4.694474 6.718726
6.046366 4.996282
5.045398 6.273089
4.341442 5.630202
4.689721 7.077606
5.102472 5.389955
4.258314 6.688693
4.530977 6.938489
5.275856 3.902155
4.668919 5.612929
4.749137 7.002932
4.676261 6.053468
5.413176 6.205458
5.171176 4.939188
4.287069 6.304717
5.180024 8.367198
4.268228 5.779120
4.158229 5.119054
5.467581 5.111739
5.406498 4.913352
4.497194 6.634066
5.172024 3.774248
4.158566 7.697599
4.540747 6.928746
4.483292 7.836030
5.731020 5.942721
5.156835 5.719438
5.299891 5.750354
4.573728 7.091523
5.342231 5.504302
5.302089 6.546382
4.641110 6.066069
5.348230 3.894355
5.554615 4.238528
5.056884 3.758326
4.930660 6.647581
4.405190 6.299945
4.628033 7.097487
4.577828 5.336791
5.305156 6.697631
4.161965 6.694280
6.065643 4.627786
4.925279 6.997292
4.553205 6.959381
4.888853 5.787536
5.079358 6.047211
5.070884 4.952097
4.409102 5.747693
5.101302 5.902458
4.784867 5.644890
4.403271 5.448922
4.387376 5.339948
4.933780 6.626101
4.194602 4.836774
5.114822 6.843705
4.091733 5.064298
4.898188 4.903093
4.005692 6.856490
4.427899 6.258593
5.424745 3.924319
5.093511 6.235016
4.325897 5.652406
5.139823 3.933470
4.706470 6.243059
5.257077 5.421526
5.241600 6.364789
4.443395 5.632963
5.157499 4.007269
5.531519 5.193791
5.467924 7.793799
4.690734 5.070436
4.764143 6.362879
5.650157 4.788060
4.279984 6.081295
5.196149 5.967326
5.781229 6.569262
5.035726 4.896752
5.184393 4.919254
7.163215 4.041903
4.409494 6.879829
4.857491 4.974286
4.683178 5.775402
4.956787 8.695618
5.897851 5.186904
4.426357 6.483325
5.275183 3.388005
5.012892 5.365482
4.773543 5.749641
4.957750 5.627684
4.883444 6.272474
4.676631 5.414986
4.590235 7.372828
4.407298 6.917958
5.204778 4.920333
4.514405 6.299566
5.312212 3.959379
4.958938 4.910459
4.617832 6.022842
3.785166 5.637134
4.778055 5.299307
5.983681 4.298079
4.299029 8.067933
4.416576 5.463888
5.145783 6.991576
4.744204 6.499393
4.495866 7.161806
4.472044 5.419648
4.458308 7.171613
4.817115 6.437747
4.742144 6.177169
4.234437 6.387718
3.983554 4.113858
4.502735 7.055075
5.439301 5.108026
5.023993 4.883400
4.077940 7.331094
4.689700 5.330065
5.089797 7.007659
5.101482 5.309033
5.598511 5.586884
4.964431 6.698554
4.989381 6.730347
5.381081 6.189885
5.027894 5.500075
4.928116 7.131816
5.101385 6.820606
5.352955 5.421160
4.915926 5.195881
5.087115 4.359241
5.400484 5.418214
5.159933 4.856484
4.690308 5.983061
5.342668 4.739432
4.857883 6.601187
5.252321 5.693853
5.997034 6.046824
4.974476 5.144716
4.376916 5.440611
5.541155 5.567922
4.672214 7.058754
4.488338 5.486020
3.916272 5.899685
4.573363 5.191686
5.541736 5.549764
4.052730 6.600560
4.993628 6.129900
5.335413 8.071209
5.750893 3.773234
4.945102 6.747167
4.794662 8.679516
4.399745 5.977262
4.444963 7.021606
4.989189 4.969430
4.977596 7.079394
6.077385 4.951548
4.171771 5.206562
5.365754 5.079375
5.814705 4.280162
5.598477 5.342900
5.465403 5.633880
5.422722 5.185226
5.925505 3.872438
4.925579 5.493985
5.319068 7.481555
4.416497 6.823224
5.485735 5.331745
4.605265 6.818264
4.379666 4.946867
6.518117 6.517361
4.257231 4.792068
6.038762 5.366110
7.312617 4.123093
4.434466 6.046980
5.591071 5.750148
4.288300 5.812857
4.698108 5.591530
4.772164 5.896271
6.228386 4.539675
5.159536 5.759723
4.474485 6.208213
4.495819 8.149537
6.314602 5.821307
5.318380 5.688014
4.464538 4.191737
4.713868 5.090738
6.026694 4.298756
4.520148 5.880935
4.549860 6.430305
5.476419 5.463203
5.457495 6.345056
5.372313 6.140816
5.289151 6.469162
5.461282 5.391413
5.113823 5.055023
4.468151 6.311932
7.093240 5.090851
4.840674 8.075250
4.988893 6.804146
5.416166 5.938154
5.352147 3.779124
5.406355 5.055364
4.400350 7.941849
5.057967 4.602032
5.237308 5.228759
4.645705 6.398307
5.257358 4.979928
5.218384 5.546799
5.400845 7.804982
3.998309 6.851285
4.758567 7.065512
4.256590 6.070694
4.482163 5.628603
4.824769 5.651407
6.328166 0.052861
4.624197 6.934150
6.058409 5.982893
3.956786 7.003304
5.319268 5.992545
4.973653 5.137195
5.864186 7.167878
4.609932 6.180957
5.333587 4.484836
5.104711 4.862082
5.061100 6.640638
4.889144 5.345721
4.917109 6.936555
6.451779 7.406978
5.493764 5.328150
3.947584 6.270377
4.629708 5.625275
3.858619 6.154167
4.542021 5.447222
5.092259 3.961503
5.201297 5.707074
4.417564 5.656714
4.487317 7.130825
6.127145 4.603538
4.777987 5.908956
4.999022 5.751709
5.540169 5.651326
4.751664 5.788923
5.255421 4.920280
4.920711 4.934464
5.480392 7.142015
5.228863 5.433566
5.261524 4.881466
5.528751 8.077048
3.937070 6.898986
5.860121 7.887893
5.023829 5.198878
4.384595 6.932714
4.925797 6.408346
5.182256 5.704385
5.972058 5.325471
5.095852 5.505130
4.431253 6.107140
5.453755 5.800580
5.037746 5.643690
4.648980 6.797392
4.359569 5.019232
4.455517 5.534424
5.359583 5.545908
5.201622 6.523674
5.318702 5.524164
5.099738 6.295562
4.495866 7.059999
4.972104 6.749450
5.306874 6.287053
4.912305 4.883818
5.141300 4.929553
4.041073 6.957595
4.838467 6.838748
4.519720 6.189595
4.858271 5.646635
5.513253 5.725327
4.091447 7.264217
4.223933 6.780576
4.242920 5.803040
5.489005 5.257908
4.794110 5.703281
5.415179 4.767311
4.326693 6.184791
5.903068 6.059619
4.541203 6.142710
3.915705 6.335456
4.593886 7.057674
3.783207 6.684865
5.358929 5.209198
5.106300 5.035639
5.142457 5.310380
4.963490 5.374696
4.517149 6.035825
4.579087 5.817789
5.136889 5.901589
3.792425 6.392437
4.361947 6.474050
4.144159 5.033544
5.182546 6.665596
5.200896 6.048647
4.504941 5.928108
3.846961 6.551462
4.187643 7.561365
5.092599 9.776757
4.669718 5.833490
5.266963 6.574594
5.719463 4.443176
4.775469 5.322627
4.010408 5.894527
4.488196 5.341205
4.642873 5.150331
5.071837 3.832158
5.225865 6.071150
4.767313 6.950303
4.550896 5.117744
5.102305 6.757775
7.388452 3.768039
5.031572 5.294627
6.065915 4.455860
4.030394 6.591652
5.271996 4.998604
5.278158 6.451673
5.743301 4.982684
5.140702 4.949926
4.095745 6.404824
4.626060 5.143533
5.581789 5.543076
5.689100 7.195034
4.469971 5.417056
4.132480 6.285740
4.899482 7.025589
4.657506 5.148808
4.443914 7.447345
5.454785 7.358768
4.499424 7.081350
4.512311 6.861283
4.834918 6.496993
5.298427 6.728133
4.429259 5.662320
5.439622 6.606353
4.585864 5.046554
5.501409 5.237669
4.148874 6.447166
6.127004 4.965833
3.757838 5.713835
4.895515 4.717109
4.182673 6.375025
4.573453 5.641034
5.171727 6.441507
4.875101 6.153771
5.045443 6.289631
4.423934 5.821976
4.524344 7.076675
4.749651 4.813629
4.754631 6.599707
11.037735 1.078282
5.088078 4.938206
4.874900 4.949112
4.380122 6.132778
5.152199 6.525689
5.494311 4.134892
4.848698 6.868328
5.010604 5.417560
5.332613 5.822935
4.575440 5.464957
5.009949 6.578760
4.889315 7.184043
4.917538 7.079184
5.577767 8.057984
5.143459 5.511503
4.395871 5.433744
4.348831 6.961107
5.566800 5.622299
4.186783 5.218120
4.583816 7.043068
5.271921 6.811520
5.606810 5.226985
4.387249 6.977130
4.655420 5.006140
5.516790 6.044859
6.159815 4.855664
4.810594 6.916194
4.695111 6.293356
5.299871 6.415651
3.967916 6.657072
4.482681 5.940366
4.588221 6.746890
4.525342 8.342747
4.777221 4.890007
5.814959 5.500219
4.930855 8.017904
5.249228 4.887051
4.982026 5.661131
4.708560 4.860722
5.259855 5.824163
4.935819 6.919561
4.082023 6.307378
3.841544 6.025005
4.460907 7.055780
4.395884 5.846238
5.045916 6.831124
4.775450 4.915003
4.087822 7.392196
4.818522 4.849041
6.553489 4.895130
4.490344 6.385409
4.678356 7.398822
4.967666 7.121602
5.687758 4.929026
5.245282 6.266717
6.366238 4.894261
3.765799 6.707223
4.641898 5.070070
6.431110 4.453415
5.381546 3.998164
5.015596 5.405454
4.882401 5.455814
6.029336 6.180593
4.325803 5.759275
4.993526 6.796598
4.704135 7.253129
4.090790 6.150909
4.925613 5.093841
4.603358 6.461082
5.395772 6.525486
4.239802 6.162492
4.495815 5.967529
4.020916 5.765079
5.277851 6.612653
4.129283 6.517998
5.735064 6.707737
5.538072 5.485729
4.592350 9.756504
4.138536 6.215099
5.168445 6.366021
4.777880 5.372442
5.211040 5.712168
4.423564 6.615550
5.107638 4.826429
4.556287 6.186965
4.151732 7.256358
4.270839 7.268681
5.118208 8.619978
6.620365 3.722528
5.252123 4.978049
3.781267 6.166226
5.151267 4.369532
5.786703 3.934863
4.441232 5.913787
4.970091 5.185639
4.155484 4.901701
4.442668 7.092993
4.316533 5.579447
4.935623 5.926411
4.134094 6.525005
4.295634 5.582894
4.047472 6.737549
5.314680 4.925349
6.032898 5.702556
4.988057 7.147316
5.075531 7.920222
4.742696 8.480577
4.590819 5.628979
5.060402 6.365005
4.488784 5.303642
4.437172 6.540135
4.789462 4.884647
4.860755 6.768768
4.522810 5.191031
4.481041 6.679619
4.129988 6.222302
4.702865 5.119945
5.487354 5.324658
5.311716 5.810354
4.920554 6.402275
5.128053 4.853441
4.824773 5.176554
4.179559 6.648245
4.746686 5.785294
4.943525 5.384158
5.031194 5.505683
4.637703 6.511846
4.525469 5.205050
4.212577 6.654584
5.239428 6.344907
5.037250 4.716806
4.461932 6.191373
6.149297 5.131981
4.460554 7.073529
4.117809 6.580793
4.706300 6.496723
4.390889 5.339561
4.660173 4.996849
4.929638 6.665853
4.874485 6.766227
5.270663 5.157965
4.694234 5.344055
4.133386 6.611093
4.413113 5.190871
4.073973 6.253015
5.144199 6.930768
5.771549 4.905077
5.566823 5.186821
4.480089 5.504853
4.470016 5.731450
5.132895 6.678052
4.411949 6.102496
4.842124 5.769156
4.958097 7.164793
5.150378 5.118119
4.228547 5.509555
6.024649 4.030414
5.146817 4.773322
4.440296 6.049655
4.535204 6.361662
4.881213 4.206523
4.420941 6.823244
3.839226 6.155819
5.781477 6.265769
3.993950 5.739699
4.232978 6.966484
7.399620 1.382389
4.848916 7.193949
5.051754 4.933777
4.839976 7.112345
4.732799 6.075364
4.337859 5.586413
4.096489 6.233828
5.007446 5.030884
5.071889 6.980415
4.480641 6.104782
5.428605 5.814746
5.492382 5.052998
5.353706 4.955486
4.557177 5.374625
5.484005 5.442092
4.372233 7.599616
5.175121 4.749638
5.477503 5.173753
5.439016 4.857500
5.570074 7.223911
4.973475 5.706927
4.587891 7.301301
4.850736 6.086427
6.077361 4.837342
5.243717 5.437235
4.216579 6.100185
5.049311 6.853853
4.186689 6.595186
5.230880 4.817444
5.494309 5.670369
5.534401 6.092830
4.619717 6.395971
5.705697 6.685956
5.024405 6.191995
6.123651 5.478105
4.579610 5.011309
4.452290 5.302167
4.608597 6.528508
5.136056 4.878033
5.836312 5.488794
4.173338 4.560614
4.608726 5.571589
6.235431 4.217480
4.788370 6.394767
4.396505 6.142769
6.128117 3.905283
6.105374 4.742529
4.864117 5.290951
5.959610 6.144507
3.846413 3.448458
4.192304 6.498567
5.346261 4.890817
6.539189 5.478978
5.437415 5.526995
3.834850 6.825925
4.899416 6.469104
5.250511 5.490755
5.506210 5.566262
6.266928 4.566130
4.388244 4.499794
5.387376 8.143737
4.470524 5.211314
4.539966 7.197600
4.645611 5.148571
4.909104 6.446982
4.952477 5.603376
5.612292 5.224648
4.454592 5.577449
3.814292 5.725420
4.443567 5.664504
4.443847 6.540554
4.920743 7.341768
4.782355 5.896560
4.026461 7.491766
3.873279 3.860766
5.959459 4.223980
4.220610 4.836312
5.622010 5.450525
7.198898 4.880552
5.018082 2.871655
4.857388 4.717895
4.095858 6.251178
5.304813 5.027064
4.652535 6.050605
5.163254 4.962570
4.732419 5.106105
4.874833 5.418200
4.978981 4.784925
4.429673 8.394656
4.687795 5.869150
4.481364 5.538738
4.752663 7.280520
4.212690 6.610917
5.155657 6.844762
4.677851 5.795401
4.529949 6.903545
4.670034 6.643448
4.096314 6.691498
5.448414 5.062020
4.541134 7.428110
4.715984 7.209750
4.891427 4.695188
5.171221 4.816950
4.887663 6.069632
4.937736 7.311395
4.304428 6.294796
5.557659 7.982212
5.609335 6.060420
4.187733 6.014345
4.221727 6.027285
4.813615 6.486044
5.148731 3.789688
5.224887 4.768271
5.843059 9.197613
5.252475 6.407909
6.561234 4.759891
5.570547 3.779738
5.029727 4.967223
4.975880 6.763134
4.151614 4.888515
3.857360 5.680639
4.130514 6.024326
4.641644 6.014174
4.728760 6.321072
5.586322 5.624989
5.574703 5.662765
5.206540 5.819136
4.485943 5.287452
5.338907 4.690846
7.173797 5.418716
5.209661 8.862200
5.573032 4.888146
4.893515 5.560240
5.023522 5.735681
4.691670 7.017770
5.471117 4.978175
4.954890 6.962335
5.309620 4.784863
5.572675 4.925629
4.287941 5.744946
4.124431 6.310673
6.176953 5.404904
5.249418 3.310917
4.618986 5.221068
4.098151 6.024426
4.496978 4.589706
6.175713 3.951291
5.151023 6.756689
4.277448 5.894053
3.808696 6.570203
5.026747 5.072495
4.893459 4.735222
4.173828 7.501900
4.842753 3.818001
4.143065 5.970864
5.573219 5.789982
4.432121 5.664054
4.530966 7.109649
4.507024 5.224153
5.594293 5.912923
4.883862 4.802118
4.370652 7.182144
5.198261 6.944047
4.834211 3.191460
5.275516 6.506558
5.039108 5.475172
5.573009 4.089371
4.210015 6.540072
5.454111 4.716933
4.248870 5.803246
5.559316 4.931942
4.971065 4.780613
4.107538 6.860824
5.519023 5.371989
3.966591 5.710602
5.295524 5.035793
4.578234 5.714141
5.305405 4.942952
5.191471 7.292545
5.411014 6.027833
4.468150 4.086393
4.294965 6.954676
4.126572 5.238604
6.096654 8.669520
5.867752 6.421318
4.763629 5.087260
5.494188 7.520945
5.270101 5.286727
4.868795 6.022363
4.092537 6.426541
4.673543 4.733819
5.498776 5.833118
4.901081 5.867482
5.526389 5.577811
5.589965 5.617442
4.745378 7.296654
4.161113 5.849952
5.207371 6.730930
4.755146 5.097274
4.290781 7.159628
4.389214 6.453900
4.399578 5.356585
4.328617 5.970938
4.304975 7.657190
5.401347 4.051711
3.849794 5.782564
3.781476 6.237353
4.532422 7.056849
4.124856 6.473414
4.235422 4.853470
7.543164 5.133540
5.900405 7.290747
4.621307 4.080165
5.279079 2.616699
4.501335 5.368151
4.112151 6.094736
5.283835 5.857714
4.050814 7.478497
4.413214 6.704926
4.989552 7.214056
5.122366 6.223540
4.921211 6.932375
5.348629 5.344800
4.868335 7.017620
4.200255 6.573699
5.024508 7.206439
4.893524 5.444637
4.321948 5.906866
4.882967 5.836524
6.215896 6.497727
5.203404 5.588405
4.775878 6.304969
4.794807 7.401438
4.436906 6.804760
4.441173 5.808773
5.670459 5.349286
4.190442 4.789785
4.126708 6.148890
4.155032 6.814854
6.852015 3.978601
4.002246 5.933163
4.691947 5.773592
5.195088 5.371402
4.149609 6.049039
5.716025 5.334082
4.600910 6.722467
5.323945 4.809909
5.746408 5.453407
5.358243 6.693707
5.363004 4.752756
5.444805 5.433721
4.806828 5.385688
4.394734 7.323268
5.566959 6.131930
5.370336 8.418388
4.546850 7.251841
4.969070 7.084747
5.497868 5.982888
4.990305 3.978956
4.591715 7.870777
3.974149 6.960862
5.071852 6.970086
5.386390 6.171316
4.536324 7.392556
5.083717 4.109032
5.106828 5.839326
4.863146 4.720044
5.573798 5.361404
5.330942 4.970524
5.240704 6.837309
4.234540 6.746006
4.982517 5.818950
5.210183 5.248339
7.779257 1.527253
4.565714 4.995798
5.979991 9.350995
3.957003 6.562286
4.888343 5.895437
4.852262 6.176130
4.750010 7.194083
4.012815 6.112275
4.303213 7.898114
5.526783 6.156353
6.544692 4.812849
4.303301 7.058126
4.473741 5.308636
5.192660 5.388374
5.504313 5.167094
4.238881 5.960186
5.303828 5.151821
5.537825 7.244509
5.670753 5.768722
3.915133 5.492521
4.192013 5.882759
4.990335 4.980517
4.879507 7.058560
6.434130 5.582480
4.177390 5.880173
5.428925 6.456796
4.216518 4.637788
5.304238 2.666764
5.244459 6.784692
5.429131 5.171431
4.760914 5.038744
4.893239 7.948574
4.218360 5.882897
5.083276 5.903738
5.509176 7.896770
5.260334 6.550573
5.307039 4.632573
4.628543 7.465113
4.493412 6.752091
3.985226 5.521472
5.622146 6.333530
4.439715 7.882753
5.744610 5.043172
5.176084 6.338229
5.671197 5.720917
4.332618 5.316013
3.805206 5.794363
5.541237 4.750496
5.614438 5.660739
4.106573 4.622093
4.599827 4.351090
5.778078 7.425062
3.555878 6.295408
6.464040 4.270670
4.541442 7.036504
4.831657 6.651566
4.148242 5.935859
5.293172 5.571636
4.989694 7.474730
4.678352 5.792184
5.097572 4.758246
4.782877 4.720181
4.772012 4.784085
5.659883 5.119025
5.537408 5.791976
4.902981 5.145980
4.016412 5.410108
4.592570 4.965621
4.494289 7.304647
4.063436 6.210659
4.332131 5.382606
6.141932 5.502507
3.987318 5.628727
4.474567 6.987753
4.821565 6.230050
4.079278 6.706235
4.999304 5.922958
5.597741 5.695758
4.710229 5.070875
4.688585 7.496942
5.192312 4.674123
4.189605 6.324902
4.412260 5.061067
5.161548 7.111875
5.324014 5.759842
9.716186 4.686632
4.645873 7.408259
5.995094 8.258466
3.218403 6.345014
3.876967 5.920032
6.419711 5.568919
5.760143 3.913050
5.468570 6.689293
4.696479 8.339285
4.547997 7.734969
5.213325 4.804326
4.559452 8.698736
4.875721 6.110556
4.150721 6.550691
4.526770 5.040274
5.532935 6.466497
5.120422 4.622779
4.191360 6.863862
5.719893 5.921796
5.677818 7.440510
4.512247 6.288138
4.866126 4.798737
4.748560 7.433726
5.556108 5.199633
4.744219 5.984942
4.640362 5.185672
4.098644 6.015600
3.363225 6.492248
4.153512 6.665194
4.947072 6.875364
5.054978 6.768783
4.433743 7.161686
3.750255 5.710518
5.066635 5.499816
4.772308 6.314153
4.076005 6.504230
5.285767 4.537042
4.379603 4.653565
4.513230 5.090179
4.564199 4.915741
4.372187 4.435135
6.380673 5.475225
5.136818 5.211694
5.053027 4.600544
5.272664 6.848216
5.499359 5.020094
4.957258 7.975732
4.488903 4.682036
4.115242 5.814630
5.383164 5.961895
4.567818 5.643028
3.894569 7.409206
4.337706 7.049378
5.293859 7.125833
4.189467 6.919527
6.191583 7.242522
5.761690 5.443045
4.655680 5.002493
5.244039 7.056722
4.945083 5.358160
5.016847 4.807588
5.660424 3.579717
4.148081 6.207116
5.385841 3.678708
6.465565 3.851983
3.798326 8.349566
4.215752 6.193989
4.697640 5.181429
4.125159 6.552785
4.341773 5.351220
5.172561 4.825110
5.439056 6.817128
4.873797 4.923440
4.817880 5.123113
3.356221 6.339775
4.862580 6.226994
5.155183 4.587698
4.800433 6.627487
4.735416 7.153525
4.472267 5.034471
6.129338 6.440633
4.956938 5.339303
4.864762 5.663940
5.658062 4.297359
4.689793 7.445478
5.770624 3.520906
4.460582 7.349530
5.101769 5.436016
3.972651 5.388745
4.298847 6.244286
4.368668 5.786751
3.874894 7.340044
4.889648 4.550744
5.306146 6.467620
5.563982 6.604525
5.135149 6.185599
5.096241 6.015728
5.222378 6.862450
4.658738 7.264224
5.912990 6.629157
7.346293 3.535637
4.449742 4.305239
5.697847 3.450599
5.350705 6.149014
5.093567 4.756472
5.563884 7.102980
5.351069 5.072033
4.098064 5.824986
4.863329 4.592294
4.635391 8.702946
3.961202 7.265681
5.280399 5.374671
4.897482 4.567576
5.084860 5.402033
4.174515 5.695690
6.469576 4.365358
4.218198 5.321603
4.174912 6.857396
8.546333 4.237326
4.686300 4.164160
4.067871 5.630515
4.213358 6.364318
3.893861 7.294624
4.178922 6.080503
4.903181 4.911119
4.163717 6.007922
5.316277 5.737480
4.313737 7.134902
5.003979 7.155307
5.179278 6.148247
4.420143 7.256383
5.366724 7.761322
6.518582 4.667034
5.359554 5.998767
3.970217 6.400812
5.377168 5.224952
5.922510 4.482794
3.108924 5.856782
6.508151 3.057868
4.070719 5.931071
5.356410 3.997186
4.399825 6.807944
5.243309 7.130743
5.510844 6.360513
5.529594 6.713493
4.204727 6.629643
5.163038 4.841081
6.471110 2.690295
5.380776 5.068846
4.357774 7.620103
4.750310 4.794547
6.096420 7.644066
5.475399 7.250740
4.917091 7.234037
5.055094 5.594956
4.469481 8.296707
7.464831 2.883049
4.936414 5.691495
6.231057 6.098412
4.196803 5.658026
5.935924 5.427567
4.726780 7.043349
4.101659 5.929589
7.138468 5.704644
4.247012 6.588558
5.346503 4.921305
4.736603 7.435336
4.214997 5.717810
5.963959 6.564956
4.917430 5.115414
5.784000 5.139436
5.488824 8.925156
4.642383 6.749896
4.403036 5.832607
5.042678 6.881917
5.672318 3.924658
4.147399 6.880330
5.605816 6.569907
3.791803 5.564939
5.302176 7.130182
4.643637 7.326571
5.976297 4.228428
4.240627 4.654027
3.845953 6.161368
4.644390 8.927530
4.667981 6.769075
4.532213 7.837701
4.495825 4.848709
5.522106 8.110246
5.187409 5.529046
4.098953 5.659303
4.491739 4.958014
4.948670 8.503098
5.439246 8.501010
4.441786 4.539144
4.933965 7.382845
5.250546 4.433017
4.438025 5.618409
4.539029 4.839290
4.592402 7.420331
3.796343 6.557161
5.374016 6.546258
5.474967 4.853853
4.615988 7.452817
5.796940 5.744473
4.258061 5.295004
4.123982 5.654737
3.834789 7.303802
4.414092 5.143437
5.497981 6.027084
5.333067 5.067653
4.983335 6.824069
5.295037 6.239569
4.285959 7.546382
3.956641 5.272909
4.058747 6.377941
4.594326 4.271123
4.375823 8.927865
5.626493 7.976574
3.805982 5.463001
4.164567 5.555012
5.888969 5.649158
4.125117 5.497113
5.577101 5.126338
4.160773 5.966583
3.912111 5.147009
4.009672 6.383129
4.898866 4.491064
3.909163 5.683816
3.841092 5.098610
7.021360 6.203576
5.484477 7.412337
4.042955 6.274593
5.539438 5.006232
4.046680 6.407862
5.235732 4.377402
3.544095 6.948850
4.982929 8.696751
5.242971 6.903316
8.293659 3.960335
5.802854 6.808156
5.752995 7.423832
4.376234 7.383747
5.921877 8.654826
6.207943 3.597523
3.917507 6.474425
4.743584 8.654503
3.886460 5.062022
5.495090 3.452593
7.776799 4.855254
6.161741 5.805810
5.328247 5.826266
4.057459 6.238409
3.983235 6.144413
4.951893 6.075342
4.687312 8.560020
5.803552 8.116365
5.743966 4.543593
3.801959 7.099607
5.822344 5.934643
3.983455 5.914817
3.979405 6.190837
5.467642 5.906032
5.606749 6.174927
4.268043 5.027651
3.922291 6.706519
4.291932 5.053876
3.944997 6.639062
5.822586 7.164598
5.385183 2.835086
3.965973 6.490291
4.762148 7.418242
2.706605 1.235649
5.864865 5.222970
3.946090 7.684521
5.818938 5.133536
5.675346 6.154056
4.899639 4.170244
3.698340 6.068437
4.581103 8.459272
5.755770 9.554074
6.323786 5.182749
3.938509 7.215401
5.866937 4.012599
4.505805 8.651721
4.165843 5.535321
3.787518 4.065363
4.714209 4.444966
6.221969 3.384335
3.926138 8.657021
6.480175 6.379144
4.185186 5.903556
5.954412 3.225696
5.599035 5.737313
4.447518 5.043290
4.394824 3.834254
4.184343 5.414647
4.109427 6.341843
5.515465 3.452226
3.915137 6.082542
5.635037 3.233230
4.113959 8.308082
4.226067 5.051127
5.857294 5.818157
4.040839 5.040533
4.069411 5.403307
6.381565 3.800449
4.621293 3.849563
5.848737 5.325917
13.084697 0.970366
5.696962 3.352752
4.123850 5.397124
6.214104 3.138081
6.804289 5.211447
6.741384 7.506583
3.768224 5.100141
6.268785 5.536454
7.111786 6.455318
4.087906 6.378875
5.205745 7.017183
6.240676 3.132482
3.933471 5.171719
4.461450 4.054317
5.586534 6.551419
3.893747 4.976486
5.806826 8.396081
5.864352 2.817205
5.536216 6.834214
5.598053 5.801667
5.271004 6.837054
6.336146 3.979756
4.478591 3.824320
5.593003 5.019255
3.567161 6.502820
5.540092 6.253014
3.565560 8.198834
6.541439 8.296322
4.116323 5.163600
6.050799 0.924895
5.707916 2.507967
4.384950 2.770245
5.187857 6.386595
8.361271 5.117336
3.172856 5.051680
4.184865 5.035955
6.106533 3.384102
7.339712 2.643536
4.074096 5.639601
5.870224 6.030668
3.774407 6.686278
3.788013 6.607408
3.778492 6.853261
5.850031 6.206720
3.691151 6.988792
3.800823 6.171199
3.802941 6.160481
