LOCMAG  ML_HB  1.82e7  1.678  -0.00514  20  1.8
2006.10.25_0036 43.762406 6.139474 13.224829      Results should be: 2006.10.25_0036  n_mag=11  mean_mag=2.443
VAL3  43.82931 6.01682 -0.61   3.98e-07   0.0   -0.1355  1.0
GRX5  43.74660 5.88600 -0.355  7.39e-08   0.0    0.1211  1.0
BLA5  43.95093 6.04502 -0.6    1.15e-06   0.0   -0.1757  1.0
BLV7  43.87926 5.80947 -0.78   1.28e-07   0.0    0.0986  1.0
GIN5  43.67575 5.78745 -0.33   6.98e-08   0.0    0.1211  1.0
ART4  43.58724 5.80521 -0.515  2.58e-07   0.0    0.0888  1.0
ESC5  43.73218 5.67198 -0.405  2.68e-08   0.0    0.0672  1.0
OBS2  43.92423 5.71732 -0.575  1.09e-07   0.0   -0.0127  1.0
MLY6  43.98677 5.76588 -0.76   1.81e-07   0.0   -0.0524  1.0
BST4  43.80101 5.64342 -0.5    2.24e-08   0.0    0.1127  1.0
VGI3  43.62644 5.54298 -0.499  5.73e-08   0.0   -0.0750  1.0
XXX
2006.01.30_2358 44.148322 6.181533 19.649668      Results should be: 2006.01.30_2358  n_mag=10  mean_mag=2.118
VAL3  43.82931 6.01682 -0.61   4.82e-08   0.0   -0.1355  1.0
GRX5  43.74660 5.88600 -0.355  5.52e-08   0.0    0.1211  1.0
BLA4  43.95093 6.04502 -0.6    4.48e-08   0.0   -0.1757  1.0
BLV7  43.87926 5.80947 -0.78   2.31e-08   0.0    0.0986  1.0
GIN3  43.67575 5.78745 -0.33   4.16e-08   0.0    0.1211  1.0
ESC5  43.73218 5.67198 -0.405  4.21e-08   0.0    0.0672  1.0
OBS2  43.92423 5.71732 -0.575  2.00e-08   0.0   -0.0127  1.0
MLY6  43.98677 5.76588 -0.76   3.64e-08   0.0   -0.0524  1.0
BST4  43.80101 5.64342 -0.5    1.46e-08   0.0    0.1127  1.0
VGI3  43.62644 5.54298 -0.499  3.77e-08   0.0   -0.0750  1.0
XXX
2005.08.23_2331 43.719961 5.704181 2.299384      Results should be: 2005.08.23_2331  n_mag=11  mean_mag=1.993
VAL3  43.82931 6.01682 -0.61   3.98e-07   0.0   -0.1355  1.0
GRX5  43.74660 5.88600 -0.355  7.39e-08   0.0    0.1211  1.0
BLA5  43.95093 6.04502 -0.6    1.15e-06   0.0   -0.1757  1.0
BLV7  43.87926 5.80947 -0.78   1.28e-07   0.0    0.0986  1.0
GIN5  43.67575 5.78745 -0.33   6.98e-08   0.0    0.1211  1.0
ART4  43.58724 5.80521 -0.515  2.58e-07   0.0    0.0888  1.0
ESC5  43.73218 5.67198 -0.405  2.68e-08   0.0    0.0672  1.0
OBS2  43.92423 5.71732 -0.575  1.09e-07   0.0   -0.0127  1.0
MLY6  43.98677 5.76588 -0.76   1.81e-07   0.0   -0.0524  1.0
BST4  43.80101 5.64342 -0.5    2.24e-08   0.0    0.1127  1.0
VGI3  43.62644 5.54298 -0.499  5.73e-08   0.0   -0.0750  1.0
XXX

